../学習データ/水増しデータ/調整データ/通常/品種/image/6_桃/4_まどか/4.jpg 15,10,157,138,3 
../学習データ/水増しデータ/調整データ/通常/品種/image/6_桃/4_まどか/62.madoka_image01.jpg 178,75,339,229,3 50,7,214,161,3 
../学習データ/水増しデータ/調整データ/通常/品種/image/6_桃/4_まどか/32.jpg 14,9,159,140,3 
../学習データ/水増しデータ/調整データ/通常/品種/image/6_桃/4_まどか/25.jpg 22,94,84,160,3 94,36,158,97,3 22,37,84,96,3 12,166,78,232,3 106,172,172,236,3 98,102,160,162,3 
../学習データ/水増しデータ/調整データ/通常/品種/image/6_桃/4_まどか/47.y-madoka-kunika2.jpg 114,390,251,542,3 591,593,723,709,3 477,670,626,798,3 604,696,760,827,3 44,1,272,222,3 
../学習データ/水増しデータ/調整データ/通常/品種/image/6_桃/4_まどか/138.2018wakemomo5k.jpg 790,650,895,731,3 829,534,928,606,3 667,573,754,635,3 732,527,835,601,3 598,676,698,764,3 884,656,996,755,3 13,372,221,626,3 159,486,425,775,3 620,459,712,520,3 620,459,712,520,3 556,548,658,621,3 200,201,444,461,3 539,481,635,559,3 572,608,679,693,3 709,700,815,782,3 860,594,964,677,3 797,477,891,541,3 774,431,867,494,3 719,466,811,544,3 760,589,857,657,3 679,627,782,698,3 
../学習データ/水増しデータ/調整データ/通常/品種/image/6_桃/4_まどか/51.jpg 367,184,517,309,3 77,1,376,219,3 410,546,502,630,3 277,372,372,480,3 577,578,632,647,3 321,533,415,619,3 
../学習データ/水増しデータ/調整データ/通常/品種/image/6_桃/4_まどか/115.imgrc0089939580.jpg 232,1,583,148,3 456,83,710,377,3 180,165,581,541,3 
../学習データ/水増しデータ/調整データ/通常/品種/image/6_桃/4_まどか/27.jpg 52,8,221,157,3 
../学習データ/水増しデータ/調整データ/通常/品種/image/6_桃/4_まどか/20.jpg 62,14,220,174,3 10,78,91,169,3 
../学習データ/水増しデータ/調整データ/通常/品種/image/6_桃/4_まどか/145.madoka02s.jpg 148,263,574,659,3 
../学習データ/水増しデータ/調整データ/通常/品種/image/6_桃/4_まどか/41.jpg 341,208,669,400,3 150,136,423,385,3 440,105,689,304,3 90,19,258,79,3 36,1,186,79,3 272,2,432,54,3 
../学習データ/水増しデータ/調整データ/通常/品種/image/6_桃/4_まどか/1.42_01.jpg 35,12,640,630,3 
../学習データ/水増しデータ/調整データ/通常/品種/image/6_桃/4_まどか/300.20150809193031f55.jpg 112,104,199,171,3 196,41,265,91,3 222,87,296,137,3 328,56,408,100,3 156,224,249,292,3 257,129,339,181,3 143,156,212,202,3 11,176,105,235,3 
../学習データ/水増しデータ/調整データ/通常/品種/image/6_桃/4_まどか/38.jpg 97,88,507,497,3 
../学習データ/水増しデータ/調整データ/通常/品種/image/6_桃/4_まどか/67.jpg 60,24,200,163,3 
../学習データ/水増しデータ/調整データ/通常/品種/image/6_桃/4_まどか/33.jpg 275,45,330,76,3 200,123,269,164,3 233,77,306,117,3 160,85,229,128,3 138,53,207,95,3 81,101,152,136,3 210,48,273,89,3 186,25,238,51,3 
../学習データ/水増しデータ/調整データ/通常/品種/image/6_桃/4_まどか/44.jpg 309,40,360,164,3 1,2,94,90,3 187,246,351,355,3 256,147,359,250,3 1,137,88,265,3 99,5,225,82,3 183,60,301,186,3 42,54,165,179,3 22,252,188,360,3 109,146,237,268,3 232,6,346,78,3 
../学習データ/水増しデータ/調整データ/通常/品種/image/6_桃/4_まどか/31.jpg 38,24,299,278,3 294,23,521,248,3 
../学習データ/水増しデータ/調整データ/通常/品種/image/6_桃/4_まどか/35.jpg 42,40,117,119,3 200,38,282,114,3 251,117,343,194,3 119,41,203,114,3 37,203,102,277,3 77,120,156,197,3 163,115,250,192,3 119,41,203,114,3 125,200,199,279,3 293,39,362,108,3 207,197,284,279,3 166,116,239,196,3 256,119,327,198,3 295,202,372,282,3 
../学習データ/水増しデータ/調整データ/通常/品種/image/6_桃/4_まどか/27.o0800055913708176579.jpg 543,235,788,490,1 330,252,577,511,1 33,252,304,505,3 65,35,316,257,3 
../学習データ/水増しデータ/調整データ/通常/品種/image/6_桃/4_まどか/9.jpg 26,37,188,185,3 
../学習データ/水増しデータ/調整データ/通常/品種/image/6_桃/4_まどか/55.jpg 41,18,155,120,3 
../学習データ/水増しデータ/調整データ/通常/品種/image/6_桃/4_まどか/128.075190_01.jpg 236,124,465,275,3 613,223,700,493,3 474,449,698,697,3 53,429,492,693,3 93,189,363,426,3 319,237,605,539,3 450,164,675,336,3 392,89,556,206,3 564,126,700,244,3 1,313,182,678,3 9,119,210,307,3 
../学習データ/水増しデータ/調整データ/通常/品種/image/6_桃/4_まどか/58.jpg 151,3,194,25,3 103,36,161,73,3 197,9,242,33,3 52,20,113,56,3 242,13,292,53,3 152,23,205,51,3 85,130,180,171,3 107,11,155,40,3 222,61,294,120,3 202,32,262,63,3 164,95,250,150,3 6,104,92,169,3 86,77,178,131,3 90,130,187,171,3 162,54,222,91,3 36,52,100,96,3 1,35,50,76,3 
../学習データ/水増しデータ/調整データ/通常/品種/image/6_桃/4_まどか/69.20190726_madoka01.jpg 446,196,595,381,3 290,3,454,173,3 326,476,476,614,3 445,547,621,741,3 189,111,344,279,3 24,742,198,828,3 
../学習データ/水増しデータ/調整データ/通常/品種/image/6_桃/4_まどか/298.madoka-c.jpg 1,3,271,288,3 
../学習データ/水増しデータ/調整データ/通常/品種/image/6_桃/4_まどか/63.jpg 40,52,180,179,3 
../学習データ/水増しデータ/調整データ/通常/品種/image/6_桃/4_まどか/6.150825_8.jpg 42,31,940,966,3 
../学習データ/水増しデータ/調整データ/通常/品種/image/6_桃/4_まどか/50.jpg 174,23,557,417,3 
../学習データ/水増しデータ/調整データ/通常/品種/image/6_桃/4_まどか/62.jpg 102,46,187,109,3 128,1,197,51,3 173,99,256,155,3 95,119,172,180,3 60,15,123,69,3 
../学習データ/水増しデータ/調整データ/通常/品種/image/6_桃/4_まどか/30.jpg 42,36,155,159,3 138,13,229,103,3 
../学習データ/水増しデータ/調整データ/通常/品種/image/6_桃/4_まどか/11.jpg 110,1,210,64,3 28,11,153,116,3 
../学習データ/水増しデータ/調整データ/通常/品種/image/6_桃/4_まどか/59.img61864505.jpg 91,501,247,635,3 222,352,345,471,3 70,381,209,502,3 29,258,166,373,3 174,222,312,337,3 239,479,379,587,3 607,165,686,266,3 523,200,636,313,3 603,271,686,335,3 
../学習データ/水増しデータ/調整データ/通常/品種/image/6_桃/4_まどか/45.jpg 344,159,624,449,3 59,174,352,463,3 188,0,462,273,3 
../学習データ/水増しデータ/調整データ/通常/品種/image/6_桃/4_まどか/185.madoka02s.jpg 148,263,569,651,3 
../学習データ/水増しデータ/調整データ/通常/品種/image/6_桃/4_まどか/148.s-P7240919.jpg 321,465,453,574,3 170,551,308,657,3 594,500,705,600,3 698,541,843,640,3 474,419,590,494,3 404,357,514,446,3 81,491,211,592,3 144,357,243,416,3 330,318,402,372,3 290,227,383,298,3 246,415,361,494,3 661,377,764,447,3 558,342,664,409,3 603,277,685,342,3 505,262,597,308,3 249,296,332,345,3 368,259,451,301,3 75,335,158,382,3 1,428,95,506,3 
../学習データ/水増しデータ/調整データ/通常/品種/image/6_桃/4_まどか/24.jpg 45,54,179,181,3 
../学習データ/水増しデータ/調整データ/通常/品種/image/6_桃/4_まどか/29.jpg 2,50,50,215,3 22,88,224,224,3 
../学習データ/水増しデータ/調整データ/通常/品種/image/6_桃/4_まどか/37.jpg 559,199,655,306,3 248,147,404,282,3 23,96,205,280,3 487,211,559,296,3 643,267,710,341,3 
../学習データ/水増しデータ/調整データ/通常/品種/image/6_桃/4_まどか/12.madoka.jpg 110,1,203,52,3 174,24,261,123,3 92,65,209,179,3 
../学習データ/水増しデータ/調整データ/通常/品種/image/6_桃/4_まどか/48.jpg 1,348,134,554,3 1,213,55,353,3 204,128,311,318,3 30,126,193,260,3 142,36,296,163,3 152,392,329,592,3 70,235,282,446,3 326,195,583,451,3 
../学習データ/水増しデータ/調整データ/通常/品種/image/6_桃/4_まどか/53.jpg 15,172,195,371,3 138,33,486,383,3 
../学習データ/水増しデータ/調整データ/通常/品種/image/6_桃/4_まどか/68.jpg 20,19,213,210,3 
../学習データ/水増しデータ/調整データ/通常/品種/image/6_桃/4_まどか/47.jpg 159,12,625,274,3 626,0,798,533,3 4,39,191,514,3 105,137,696,533,3 
../学習データ/水増しデータ/調整データ/通常/品種/image/6_桃/4_まどか/6.jpg 3,2,227,216,3 
../学習データ/水増しデータ/調整データ/通常/品種/image/6_桃/4_まどか/14.madoka.jpg 197,54,277,140,3 206,164,425,371,3 
../学習データ/水増しデータ/調整データ/通常/品種/image/6_桃/4_まどか/26.jpg 95,135,225,225,3 7,35,169,196,3 97,1,225,106,3 169,53,225,144,3 
../学習データ/水増しデータ/調整データ/通常/品種/image/6_桃/4_まどか/11.a-073-47-700.jpg 419,175,614,365,3 295,28,502,231,3 59,178,278,377,3 246,213,456,403,3 133,1,335,176,3 512,124,683,307,3 
../学習データ/水増しデータ/調整データ/通常/品種/image/6_桃/4_まどか/2.jpg 153,6,284,134,3 22,7,165,156,3 
../学習データ/水増しデータ/調整データ/通常/品種/image/6_桃/4_まどか/137._sanchokudayori_cabinet_fruits08_d_peach82_02b.jpg 281,21,699,299,3 1,1,261,208,3 
../学習データ/水増しデータ/調整データ/通常/品種/image/6_桃/4_まどか/3.jpg 145,88,282,168,3 65,56,178,161,3 187,47,291,128,3 17,1,80,36,3 39,8,108,33,3 113,2,184,26,3 
../学習データ/水増しデータ/調整データ/通常/品種/image/6_桃/4_まどか/13.jpg 71,20,213,161,3 
../学習データ/水増しデータ/調整データ/通常/品種/image/6_桃/4_まどか/12.jpg 9,58,113,157,3 141,88,225,154,3 
../学習データ/水増しデータ/調整データ/通常/品種/image/6_桃/4_まどか/42.jpg 484,5,574,76,3 129,51,381,290,3 484,5,574,76,3 
../学習データ/水増しデータ/調整データ/通常/品種/image/6_桃/4_まどか/60.jpg 21,84,106,161,3 148,10,233,67,3 207,2,274,28,3 59,44,129,111,3 241,8,293,81,3 164,32,260,95,3 
../学習データ/水増しデータ/調整データ/通常/品種/image/6_桃/4_まどか/65.jpg 54,90,111,139,3 105,71,144,113,3 142,97,190,149,3 105,39,147,72,3 147,51,187,89,3 143,143,194,197,3 90,127,148,176,3 32,139,91,185,3 7,109,50,156,3 19,67,63,105,3 62,51,103,86,3 146,13,185,45,3 106,1,145,31,3 70,14,106,47,3 29,26,69,64,3 36,1,77,25,3 
../学習データ/水増しデータ/調整データ/通常/品種/image/6_桃/4_まどか/61.jpg 42,19,148,123,3 
../学習データ/水増しデータ/調整データ/通常/品種/image/6_桃/4_まどか/134.t02200209_0300028512502445810.jpg 17,5,220,205,3 
../学習データ/水増しデータ/調整データ/通常/品種/image/6_桃/4_まどか/10.P7270057mado.jpg 339,194,670,399,3 146,131,427,385,3 439,101,689,240,3 
../学習データ/水増しデータ/調整データ/通常/品種/image/6_桃/4_まどか/22.jpg 26,22,191,194,3 
../学習データ/水増しデータ/調整データ/通常/品種/image/6_桃/4_まどか/7.jpg 290,112,391,217,3 210,177,322,271,3 82,55,190,150,3 105,145,217,245,3 187,90,287,178,3 
../学習データ/水増しデータ/調整データ/通常/品種/image/6_桃/4_まどか/146.150620323.jpg 128,204,277,286,3 49,154,171,252,3 151,113,259,200,3 110,25,156,49,3 140,51,186,70,3 
../学習データ/水増しデータ/調整データ/通常/品種/image/6_桃/4_まどか/56.jpg 22,16,133,125,3 
../学習データ/水増しデータ/調整データ/通常/品種/image/6_桃/4_まどか/23.jpg 29,42,134,149,3 136,36,239,140,3 
../学習データ/水増しデータ/調整データ/通常/品種/image/6_桃/4_まどか/5.jpg 6,83,118,199,3 116,69,221,182,3 30,19,142,109,3 
../学習データ/水増しデータ/調整データ/通常/品種/image/6_桃/4_まどか/172.2018wake5kz01__06.jpg 92,260,204,384,3 412,162,545,305,3 296,265,431,395,3 392,335,521,481,3 665,506,741,568,3 746,521,823,580,3 829,535,906,579,3 882,495,967,554,3 806,487,882,547,3 729,473,802,525,3 857,447,932,496,3 786,445,858,493,3 712,433,783,473,3 646,456,727,509,3 642,413,708,459,3 700,385,765,434,3 765,395,837,442,3 837,401,906,454,3 815,363,881,409,3 803,327,860,364,3 752,355,816,397,3 686,350,750,392,3 631,368,692,421,3 
../学習データ/水増しデータ/調整データ/通常/品種/image/6_桃/4_まどか/59.jpg 17,16,110,95,3 49,53,148,156,3 153,45,252,149,3 116,12,201,91,3 
../学習データ/水増しデータ/調整データ/通常/品種/image/6_桃/4_まどか/40.jpg 6,100,205,282,3 246,149,400,282,3 
../学習データ/水増しデータ/調整データ/通常/品種/image/6_桃/4_まどか/39.jpg 337,250,482,393,3 101,169,258,274,3 664,189,832,366,3 215,165,383,336,3 
../学習データ/水増しデータ/調整データ/通常/品種/image/6_桃/4_まどか/268.ptyuDSCN1739.jpg 480,258,634,383,3 402,161,557,289,3 141,64,300,178,3 506,68,624,184,3 310,255,457,381,3 305,65,461,188,3 142,243,271,365,3 60,158,174,276,3 1,59,99,167,3 
../学習データ/水増しデータ/調整データ/通常/品種/image/6_桃/4_まどか/3.150909_1.jpg 31,26,631,634,3 
../学習データ/水増しデータ/調整データ/通常/品種/image/6_桃/4_まどか/88.madoka4.jpg 36,155,92,207,3 99,132,136,181,3 48,32,104,86,3 97,71,133,120,3 1,125,35,176,3 82,184,136,242,3 43,99,90,150,3 3,190,39,239,3 1,68,41,117,3 2,7,44,64,3 101,12,134,63,3 
../学習データ/水増しデータ/調整データ/通常/品種/image/6_桃/4_まどか/14.jpg 60,98,97,133,3 35,7,68,40,3 95,75,139,114,3 164,31,245,111,3 119,94,193,166,3 
../学習データ/水増しデータ/調整データ/通常/品種/image/6_桃/4_まどか/54.jpg 59,167,398,347,3 
../学習データ/水増しデータ/調整データ/通常/品種/image/6_桃/4_まどか/34.jpg 103,32,156,65,3 128,131,215,172,3 214,56,269,101,3 142,61,201,102,3 252,92,321,125,3 175,4,235,39,3 69,11,109,37,3 93,90,159,133,3 277,54,353,97,3 165,27,227,64,3 120,6,175,35,3 59,62,130,100,3 171,91,246,130,3 224,27,284,71,3 128,131,215,172,3 42,35,88,51,3 
../学習データ/水増しデータ/調整データ/通常/品種/image/6_桃/4_まどか/48._sanchokudayori_cabinet_fruits08_peach82_2b.jpg 246,95,399,222,3 340,138,456,243,3 90,108,228,181,3 407,106,544,185,3 142,142,300,270,3 29,216,188,334,3 226,223,410,341,3 438,205,602,325,3 
../学習データ/水増しデータ/調整データ/通常/品種/image/6_桃/4_まどか/69.jpg 145,91,171,115,3 11,152,89,224,3 67,103,142,183,3 95,162,188,252,3 164,112,187,136,3 29,107,56,130,3 
../学習データ/水増しデータ/調整データ/通常/品種/image/6_桃/4_まどか/165.2018wakemomo5k.jpg 790,650,895,731,3 829,534,928,606,3 667,573,754,635,3 732,527,835,601,3 598,676,698,764,3 884,656,996,755,3 13,372,221,626,3 159,486,425,775,3 620,459,712,520,3 620,459,712,520,3 556,548,658,621,3 200,201,444,461,3 539,481,635,559,3 572,608,679,693,3 709,700,815,782,3 860,594,964,677,3 797,477,891,541,3 774,431,867,494,3 719,466,811,544,3 760,589,857,657,3 679,627,782,698,3 
../学習データ/水増しデータ/調整データ/通常/品種/image/6_桃/4_まどか/43.jpg 84,200,206,315,3 217,128,343,209,3 212,202,348,304,3 341,118,468,217,3 340,205,479,320,3 197,288,338,404,3 
../学習データ/水増しデータ/調整データ/通常/品種/image/6_桃/4_まどか/64.jpg 98,98,150,149,3 144,118,195,168,3 122,158,174,208,3 170,73,219,122,3 77,141,120,180,3 124,56,167,95,3 
../学習データ/水増しデータ/調整データ/通常/品種/image/6_桃/4_まどか/28.jpg 28,98,86,139,3 6,57,57,101,3 54,145,117,199,3 143,163,204,214,3 198,136,225,173,3 108,118,162,168,3 157,98,201,143,3 83,78,130,106,3 126,58,165,76,3 59,42,109,72,3 102,26,144,48,3 84,1,121,18,3 35,7,77,48,3 1,17,34,45,3 
../学習データ/水増しデータ/調整データ/通常/品種/image/6_桃/4_まどか/116.p_chusei.jpg 244,506,366,651,1 550,415,729,559,3 383,563,545,671,3 14,430,139,549,1 
../学習データ/水増しデータ/調整データ/通常/品種/image/6_桃/4_まどか/66.jpg 10,21,209,207,3 
../学習データ/水増しデータ/調整データ/通常/品種/image/6_桃/4_まどか/36.jpg 95,41,156,97,3 49,104,97,162,3 306,172,365,229,3 22,169,85,229,3 234,41,295,99,3 88,168,152,221,3 304,45,367,101,3 263,223,334,283,3 183,109,242,154,3 63,219,125,280,3 165,41,225,97,3 114,103,175,161,3 234,166,294,221,3 204,219,259,280,3 153,163,230,220,3 319,111,366,168,3 126,222,193,279,3 256,101,312,159,3 29,43,73,96,3 
../学習データ/水増しデータ/調整データ/通常/品種/image/6_桃/1_はなよめ/4.jpg 52,9,270,165,0 
../学習データ/水増しデータ/調整データ/通常/品種/image/6_桃/1_はなよめ/32.jpg 1,351,321,554,0 1,1,270,324,0 239,198,692,545,0 
../学習データ/水増しデータ/調整データ/通常/品種/image/6_桃/1_はなよめ/130.main_11.jpg 108,483,337,708,2 96,20,356,250,4 
../学習データ/水増しデータ/調整データ/通常/品種/image/6_桃/1_はなよめ/254.main_10.jpg 80,189,304,455,0 
../学習データ/水増しデータ/調整データ/通常/品種/image/6_桃/1_はなよめ/25.jpg 27,135,120,176,0 50,69,146,143,0 54,5,151,60,0 138,39,221,106,0 
../学習データ/水増しデータ/調整データ/通常/品種/image/6_桃/1_はなよめ/51.jpg 2,37,40,97,0 22,6,81,44,0 88,18,144,56,0 71,62,146,115,0 
../学習データ/水増しデータ/調整データ/通常/品種/image/6_桃/1_はなよめ/170.hanayome15k_01.jpg 85,2,491,118,0 3,1,118,281,0 23,22,489,476,0 
../学習データ/水増しデータ/調整データ/通常/品種/image/6_桃/1_はなよめ/117.02110059s.jpg 33,58,329,368,0 
../学習データ/水増しデータ/調整データ/通常/品種/image/6_桃/1_はなよめ/20.jpg 87,57,196,156,0 
../学習データ/水増しデータ/調整データ/通常/品種/image/6_桃/1_はなよめ/27.20190610_152429_0000.jpg 1689,1143,1878,1576,0 1634,796,1873,1259,0 1573,466,1874,744,0 7,810,212,1266,0 1121,195,1500,456,0 3,473,219,759,0 1,200,359,458,0 1494,178,1880,460,0 323,454,725,747,0 711,511,1110,752,0 372,195,713,460,0 1114,475,1542,754,0 161,1188,650,1576,0 1131,1201,1645,1576,0 635,1207,1128,1576,0 771,191,1078,471,0 
../学習データ/水増しデータ/調整データ/通常/品種/image/6_桃/1_はなよめ/41.jpg 1,49,166,193,0 9,185,307,394,0 
../学習データ/水増しデータ/調整データ/通常/品種/image/6_桃/1_はなよめ/251.89158824_o2.jpg 197,272,267,355,0 87,275,199,358,0 1,279,88,361,0 6,200,94,282,0 101,88,172,146,0 88,199,181,282,0 28,88,95,144,0 96,148,175,201,0 175,143,256,199,0 178,92,239,148,0 21,146,90,198,0 37,43,95,96,0 104,43,166,95,0 174,45,231,97,0 190,208,261,265,0 
../学習データ/水増しデータ/調整データ/通常/品種/image/6_桃/1_はなよめ/103.120606a.jpg 15,82,375,465,0 
../学習データ/水増しデータ/調整データ/通常/品種/image/6_桃/1_はなよめ/38.jpg 79,13,156,71,0 67,60,171,152,0 168,22,246,85,0 2,52,71,120,0 10,4,77,41,0 
../学習データ/水増しデータ/調整データ/通常/品種/image/6_桃/1_はなよめ/67.jpg 117,6,246,138,0 
../学習データ/水増しデータ/調整データ/通常/品種/image/6_桃/1_はなよめ/33.jpg 640,82,980,413,0 
../学習データ/水増しデータ/調整データ/通常/品種/image/6_桃/1_はなよめ/44.jpg 195,189,308,308,0 105,62,254,244,0 193,187,306,306,0 
../学習データ/水増しデータ/調整データ/通常/品種/image/6_桃/1_はなよめ/195.hanayome15k_01.jpg 85,2,491,118,0 3,1,118,281,0 34,34,474,458,0 
../学習データ/水増しデータ/調整データ/通常/品種/image/6_桃/1_はなよめ/31.jpg 200,219,258,268,0 78,21,129,65,0 40,1,103,41,0 1,13,50,66,0 55,239,167,268,0 1,144,56,215,0 123,27,173,72,0 158,1,230,48,0 215,17,258,79,0 217,59,258,138,0 2,170,96,268,0 205,114,258,240,0 1,72,80,159,0 80,60,162,123,0 158,40,232,96,0 58,104,136,188,0 134,83,218,174,0 99,155,202,266,0 24,36,86,95,0 
../学習データ/水増しデータ/調整データ/通常/品種/image/6_桃/1_はなよめ/15.jpg 143,125,246,191,0 21,27,110,133,0 190,54,256,134,0 143,5,222,72,0 1,109,94,194,0 1,18,40,84,0 69,55,173,160,0 1,66,27,153,0 68,1,144,65,0 
../学習データ/水増しデータ/調整データ/通常/品種/image/6_桃/1_はなよめ/9.jpg 10,23,206,215,0 
../学習データ/水増しデータ/調整データ/通常/品種/image/6_桃/1_はなよめ/7.8ccc99a8d793975d33cc3d5bb4b90c33e3a81e7f.23.2.2.2.jpg 236,41,339,173,0 62,68,247,247,0 
../学習データ/水増しデータ/調整データ/通常/品種/image/6_桃/1_はなよめ/55.jpg 281,55,318,172,0 9,16,154,90,0 55,57,313,234,0 1,76,83,151,0 1,116,59,234,0 
../学習データ/水増しデータ/調整データ/通常/品種/image/6_桃/1_はなよめ/17.jpg 180,105,271,184,0 47,119,162,184,0 126,51,206,107,0 179,21,234,54,0 234,50,274,119,0 26,60,98,99,0 96,26,149,58,0 143,4,186,26,0 73,2,126,31,0 4,19,73,55,0 
../学習データ/水増しデータ/調整データ/通常/品種/image/6_桃/1_はなよめ/52.jpg 47,96,256,325,0 101,216,372,475,0 
../学習データ/水増しデータ/調整データ/通常/品種/image/6_桃/1_はなよめ/58.jpg 0,169,202,321,0 432,10,632,167,0 450,171,633,321,0 222,27,423,191,0 12,13,202,166,0 213,183,419,336,0 
../学習データ/水増しデータ/調整データ/通常/品種/image/6_桃/1_はなよめ/1.hqdefault.jpg 181,54,271,154,0 
../学習データ/水増しデータ/調整データ/通常/品種/image/6_桃/1_はなよめ/8.jpg 13,118,144,216,0 125,2,225,93,0 
../学習データ/水増しデータ/調整データ/通常/品種/image/6_桃/1_はなよめ/63.jpg 195,79,270,170,0 
../学習データ/水増しデータ/調整データ/通常/品種/image/6_桃/1_はなよめ/57.jpg 215,123,358,256,0 245,13,375,148,0 293,201,456,345,0 
../学習データ/水増しデータ/調整データ/通常/品種/image/6_桃/1_はなよめ/50.jpg 389,459,586,656,0 188,390,400,560,0 
../学習データ/水増しデータ/調整データ/通常/品種/image/6_桃/1_はなよめ/161.15cm-gv.jpg 178,4,271,94,0 136,148,274,298,0 
../学習データ/水増しデータ/調整データ/通常/品種/image/6_桃/1_はなよめ/62.jpg 116,80,266,229,0 
../学習データ/水増しデータ/調整データ/通常/品種/image/6_桃/1_はなよめ/46.jpg 1,15,144,203,0 110,57,330,213,0 
../学習データ/水増しデータ/調整データ/通常/品種/image/6_桃/1_はなよめ/49.jpg 292,604,556,752,0 360,325,536,480,0 
../学習データ/水増しデータ/調整データ/通常/品種/image/6_桃/1_はなよめ/11.jpg 55,28,204,167,0 
../学習データ/水増しデータ/調整データ/通常/品種/image/6_桃/1_はなよめ/45.jpg 135,72,570,539,0 
../学習データ/水増しデータ/調整データ/通常/品種/image/6_桃/1_はなよめ/29.jpg 177,3,258,80,0 81,1,164,56,0 14,39,133,167,0 152,88,259,194,0 
../学習データ/水増しデータ/調整データ/通常/品種/image/6_桃/1_はなよめ/22.07.jpg 478,815,668,1043,2 93,321,331,528,0 
../学習データ/水増しデータ/調整データ/通常/品種/image/6_桃/1_はなよめ/37.jpg 12,38,80,107,0 1,114,76,181,0 82,6,155,66,0 
../学習データ/水増しデータ/調整データ/通常/品種/image/6_桃/1_はなよめ/141.02110059_free_3_1.jpg 1,81,578,538,0 
../学習データ/水増しデータ/調整データ/通常/品種/image/6_桃/1_はなよめ/48.jpg 509,476,801,601,0 721,466,859,519,0 
../学習データ/水増しデータ/調整データ/通常/品種/image/6_桃/1_はなよめ/53.jpg 57,45,189,167,0 
../学習データ/水増しデータ/調整データ/通常/品種/image/6_桃/1_はなよめ/68.jpg 7,1,84,70,0 259,74,358,183,0 1,26,51,114,0 192,162,348,270,0 1,85,33,175,0 196,6,310,100,0 31,41,149,176,0 1,154,131,267,0 93,1,200,95,0 102,74,250,228,0 318,108,360,233,0 289,2,360,80,0 
../学習データ/水増しデータ/調整データ/通常/品種/image/6_桃/1_はなよめ/8.hanayome.jpg 23,244,320,464,0 266,1,480,199,0 
../学習データ/水増しデータ/調整データ/通常/品種/image/6_桃/1_はなよめ/47.jpg 28,65,730,772,0 
../学習データ/水増しデータ/調整データ/通常/品種/image/6_桃/1_はなよめ/6.jpg 10,44,125,158,0 51,106,178,232,0 
../学習データ/水増しデータ/調整データ/通常/品種/image/6_桃/1_はなよめ/18.jpg 15,17,207,206,0 
../学習データ/水増しデータ/調整データ/通常/品種/image/6_桃/1_はなよめ/21.jpg 55,51,173,179,0 
../学習データ/水増しデータ/調整データ/通常/品種/image/6_桃/1_はなよめ/273.ogp_hanayome.jpg 1,1,173,180,0 618,136,720,243,0 651,441,712,500,0 651,441,712,500,0 269,206,422,365,0 549,276,669,402,0 843,161,997,335,0 747,445,812,501,0 
../学習データ/水増しデータ/調整データ/通常/品種/image/6_桃/1_はなよめ/228.ogp_hanayome.jpg 1,1,173,180,0 618,136,720,243,0 651,441,712,500,0 651,441,712,500,0 267,207,418,366,0 553,278,676,400,0 830,161,998,333,0 746,446,816,492,0 
../学習データ/水増しデータ/調整データ/通常/品種/image/6_桃/1_はなよめ/2.jpg 10,24,149,162,0 
../学習データ/水増しデータ/調整データ/通常/品種/image/6_桃/1_はなよめ/70.jpg 172,185,221,233,0 261,161,320,232,0 41,122,136,219,0 271,90,321,166,0 161,102,219,176,0 
../学習データ/水増しデータ/調整データ/通常/品種/image/6_桃/1_はなよめ/13.jpg 81,11,166,132,0 126,76,224,182,0 24,82,119,178,0 
../学習データ/水増しデータ/調整データ/通常/品種/image/6_桃/1_はなよめ/42.jpg 288,82,768,507,0 6,40,376,444,0 
../学習データ/水増しデータ/調整データ/通常/品種/image/6_桃/1_はなよめ/60.jpg 235,195,321,277,0 331,108,406,187,0 240,103,319,186,0 336,200,414,273,0 323,37,398,106,0 239,36,305,91,0 
../学習データ/水増しデータ/調整データ/通常/品種/image/6_桃/1_はなよめ/65.jpg 93,68,278,251,0 
../学習データ/水増しデータ/調整データ/通常/品種/image/6_桃/1_はなよめ/61.jpg 301,136,359,237,0 97,89,227,220,0 
../学習データ/水増しデータ/調整データ/通常/品種/image/6_桃/1_はなよめ/22.jpg 167,1,226,32,0 126,8,181,63,0 246,22,300,80,0 107,38,177,98,0 204,103,300,168,0 185,17,250,58,0 179,41,267,128,0 17,123,134,166,0 118,86,215,168,0 227,1,280,40,0 21,55,108,124,0 58,15,119,57,0 1,10,53,61,0 
../学習データ/水増しデータ/調整データ/通常/品種/image/6_桃/1_はなよめ/7.jpg 78,69,100,92,0 28,121,94,187,0 141,118,197,186,0 80,146,147,207,0 89,113,143,157,0 
../学習データ/水増しデータ/調整データ/通常/品種/image/6_桃/1_はなよめ/127.02110059_free_2_1.jpg 463,142,578,226,0 181,215,392,347,0 366,233,578,356,0 94,128,279,256,0 289,50,443,147,0 126,43,260,159,0 284,129,467,248,0 1,228,132,354,0 1,51,97,136,0 1,139,62,225,0 471,54,578,144,0 
../学習データ/水増しデータ/調整データ/通常/品種/image/6_桃/1_はなよめ/56.jpg 126,112,250,177,0 28,20,115,79,0 1,118,101,176,0 140,62,233,119,0 4,56,111,116,0 138,15,221,68,0 
../学習データ/水増しデータ/調整データ/通常/品種/image/6_桃/1_はなよめ/5.jpg 168,66,237,127,0 177,100,259,175,0 89,115,185,185,0 99,79,168,126,0 
../学習データ/水増しデータ/調整データ/通常/品種/image/6_桃/1_はなよめ/238.momo_hanayome.jpg 19,150,388,529,0 
../学習データ/水増しデータ/調整データ/通常/品種/image/6_桃/1_はなよめ/191.momo_hanayome.jpg 19,150,393,533,0 
../学習データ/水増しデータ/調整データ/通常/品種/image/6_桃/1_はなよめ/40.jpg 336,51,660,250,0 95,11,401,249,0 
../学習データ/水増しデータ/調整データ/通常/品種/image/6_桃/1_はなよめ/39.jpg 29,115,99,153,0 30,44,90,90,0 85,32,145,80,0 85,14,121,43,0 6,87,72,141,0 122,57,183,104,0 168,71,230,147,0 72,73,131,121,0 99,101,170,152,0 179,34,230,77,0 138,21,187,61,0 180,5,226,39,0 1,60,34,119,0 3,31,48,65,0 51,20,93,57,0 30,4,71,39,0 1,16,30,47,0 65,1,106,21,0 143,1,187,25,0 
../学習データ/水増しデータ/調整データ/通常/品種/image/6_桃/1_はなよめ/135.201306hanayome02.jpg 229,120,355,239,0 
../学習データ/水増しデータ/調整データ/通常/品種/image/6_桃/1_はなよめ/52.vm020101-2.jpg 50,44,634,568,0 
../学習データ/水増しデータ/調整データ/通常/品種/image/6_桃/1_はなよめ/14.jpg 16,13,179,164,0 
../学習データ/水増しデータ/調整データ/通常/品種/image/6_桃/1_はなよめ/31.mm_hanym.jpg 32,3,390,371,0 
../学習データ/水増しデータ/調整データ/通常/品種/image/6_桃/1_はなよめ/10.jpg 84,37,131,72,0 202,57,272,108,0 5,85,69,139,0 69,65,134,120,0 63,105,134,173,0 160,136,247,184,0 232,100,274,164,0 135,49,179,88,0 
../学習データ/水増しデータ/調整データ/通常/品種/image/6_桃/1_はなよめ/54.jpg 130,198,415,494,0 433,193,696,615,0 227,447,602,838,0 
../学習データ/水増しデータ/調整データ/通常/品種/image/6_桃/1_はなよめ/34.jpg 182,254,478,564,0 
../学習データ/水増しデータ/調整データ/通常/品種/image/6_桃/1_はなよめ/140.hanayome_k1kg.jpg 205,89,341,189,0 526,130,685,307,0 9,221,184,354,0 177,163,347,294,0 161,278,350,444,0 399,349,634,470,0 344,124,463,229,0 588,262,700,417,0 
../学習データ/水増しデータ/調整データ/通常/品種/image/6_桃/1_はなよめ/199.main_10.jpg 83,184,307,453,0 
../学習データ/水増しデータ/調整データ/通常/品種/image/6_桃/1_はなよめ/69.jpg 417,624,487,688,0 394,678,501,761,0 364,741,473,827,0 553,683,651,773,0 288,692,384,785,0 431,794,549,897,0 647,910,756,1031,0 649,802,781,941,0 222,653,310,737,0 555,758,626,841,0 360,828,464,911,0 471,724,575,799,0 476,644,570,726,0 334,642,421,711,0 349,588,427,648,0 285,615,354,676,0 613,575,688,632,0 683,565,744,607,0 677,517,754,564,0 616,537,683,587,0 614,499,689,538,0 554,514,611,563,0 543,555,613,598,0 481,528,546,576,0 486,493,548,531,0 551,481,619,517,0 78,391,160,439,0 174,360,245,407,0 252,339,318,384,0 234,304,298,361,0 170,331,238,374,0 72,360,151,398,0 5,386,66,436,0 
../学習データ/水増しデータ/調整データ/通常/品種/image/6_桃/1_はなよめ/71.jpg 220,74,341,204,0 
../学習データ/水増しデータ/調整データ/通常/品種/image/6_桃/1_はなよめ/43.jpg 23,27,215,215,0 240,254,481,485,0 
../学習データ/水増しデータ/調整データ/通常/品種/image/6_桃/1_はなよめ/84.87445749_o2.jpg 242,131,274,163,0 
../学習データ/水増しデータ/調整データ/通常/品種/image/6_桃/1_はなよめ/64.jpg 153,97,213,155,0 136,182,189,233,0 
../学習データ/水増しデータ/調整データ/通常/品種/image/6_桃/1_はなよめ/2.855ef5327791c6ca5f45f572aa293c60_m-1024x683.jpg 647,82,981,420,0 
../学習データ/水増しデータ/調整データ/通常/品種/image/6_桃/1_はなよめ/66.jpg 48,53,331,268,0 
../学習データ/水増しデータ/調整データ/通常/品種/image/6_桃/5_なつっこ/4.jpg 16,39,242,242,4 
../学習データ/水増しデータ/調整データ/通常/品種/image/6_桃/5_なつっこ/54.22088.2.jpg 185,60,706,581,4 
../学習データ/水増しデータ/調整データ/通常/品種/image/6_桃/5_なつっこ/127.natsukko_01-thumb-480xauto-1865.jpg 51,320,152,360,4 145,91,369,303,4 
../学習データ/水増しデータ/調整データ/通常/品種/image/6_桃/5_なつっこ/25.jpg 172,90,505,413,4 
../学習データ/水増しデータ/調整データ/通常/品種/image/6_桃/5_なつっこ/166.FT-B-001.jpg 25,79,518,514,4 
../学習データ/水増しデータ/調整データ/通常/品種/image/6_桃/5_なつっこ/242.m-natsukko.jpg 196,58,384,230,4 50,147,291,344,4 289,163,537,391,4 
../学習データ/水増しデータ/調整データ/通常/品種/image/6_桃/5_なつっこ/1.natsukko.jpg 62,72,416,412,4 
../学習データ/水増しデータ/調整データ/通常/品種/image/6_桃/5_なつっこ/220.1natukko0723c3.jpg 51,213,444,656,4 543,225,925,616,4 
../学習データ/水増しデータ/調整データ/通常/品種/image/6_桃/5_なつっこ/24.Natukko09(5760x3840).jpg 140,1,763,566,4 
../学習データ/水増しデータ/調整データ/通常/品種/image/6_桃/5_なつっこ/27.jpg 60,61,395,423,4 
../学習データ/水増しデータ/調整データ/通常/品種/image/6_桃/5_なつっこ/20.jpg 397,252,448,304,4 465,336,564,418,4 41,51,230,235,4 495,277,564,338,4 422,286,491,354,4 344,296,419,367,4 277,106,415,249,4 
../学習データ/水増しデータ/調整データ/通常/品種/image/6_桃/5_なつっこ/21.Natukko05(5760x3840).jpg 420,18,849,383,4 79,140,551,572,4 
../学習データ/水増しデータ/調整データ/通常/品種/image/6_桃/5_なつっこ/50.list-natsukko.jpg 163,34,308,186,4 6,30,151,193,4 
../学習データ/水増しデータ/調整データ/通常/品種/image/6_桃/5_なつっこ/22.Natukko02(5760x3840).jpg 496,122,915,502,4 85,121,502,524,4 
../学習データ/水増しデータ/調整データ/通常/品種/image/6_桃/5_なつっこ/88.natukko-setumei600.jpg 530,0,599,150,4 292,6,578,150,4 
../学習データ/水増しデータ/調整データ/通常/品種/image/6_桃/5_なつっこ/36.Natukko14(5760x3840).jpg 152,12,819,589,4 
../学習データ/水増しデータ/調整データ/通常/品種/image/6_桃/5_なつっこ/79.natsukko-t2k.jpg 75,0,518,164,4 88,88,526,528,4 
../学習データ/水増しデータ/調整データ/通常/品種/image/6_桃/5_なつっこ/9.Natukko13(5760x3840).jpg 515,138,942,514,4 81,155,516,519,4 
../学習データ/水増しデータ/調整データ/通常/品種/image/6_桃/5_なつっこ/5.Natukko07(5760x3840).jpg 487,29,930,453,4 66,97,592,575,4 
../学習データ/水増しデータ/調整データ/通常/品種/image/6_桃/5_なつっこ/38.jpg 60,88,134,155,4 159,67,225,134,4 159,23,216,75,4 100,49,169,112,4 41,48,100,106,4 84,21,140,71,4 
../学習データ/水増しデータ/調整データ/通常/品種/image/6_桃/5_なつっこ/44.jpg 180,33,225,160,4 1,157,98,225,4 93,84,218,203,4 107,26,191,104,4 122,2,203,46,4 27,3,123,77,4 1,49,111,165,4 
../学習データ/水増しデータ/調整データ/通常/品種/image/6_桃/5_なつっこ/31.jpg 124,97,197,154,4 89,43,163,89,4 41,100,118,145,4 170,45,303,116,4 89,43,163,89,4 11,33,79,73,4 
../学習データ/水増しデータ/調整データ/通常/品種/image/6_桃/5_なつっこ/15.jpg 103,70,350,200,4 1,56,123,307,4 27,194,359,507,4 278,358,600,534,4 290,92,588,357,4 1,336,114,538,4 
../学習データ/水増しデータ/調整データ/通常/品種/image/6_桃/5_なつっこ/18.Natukko06(5760x3840).jpg 462,50,853,432,4 82,100,549,530,4 
../学習データ/水増しデータ/調整データ/通常/品種/image/6_桃/5_なつっこ/35.jpg 121,126,208,225,4 1,39,112,149,4 
../学習データ/水増しデータ/調整データ/通常/品種/image/6_桃/5_なつっこ/16.jpg 104,237,370,481,4 85,99,353,299,4 336,163,557,408,4 
../学習データ/水増しデータ/調整データ/通常/品種/image/6_桃/5_なつっこ/147.1natukko0723c1.jpg 337,205,464,305,4 326,441,482,603,4 120,554,342,781,4 144,827,284,968,4 138,389,283,532,4 72,200,182,306,4 489,21,613,144,4 
../学習データ/水増しデータ/調整データ/通常/品種/image/6_桃/5_なつっこ/130.59150502_01_web_s.jpg 181,46,364,208,4 135,140,321,329,4 
../学習データ/水増しデータ/調整データ/通常/品種/image/6_桃/5_なつっこ/17.jpg 0,111,500,573,4 
../学習データ/水増しデータ/調整データ/通常/品種/image/6_桃/5_なつっこ/200.FT-B-001.jpg 25,79,518,514,4 
../学習データ/水増しデータ/調整データ/通常/品種/image/6_桃/5_なつっこ/33.Natukko03(5760x3840).jpg 191,1,744,623,4 
../学習データ/水増しデータ/調整データ/通常/品種/image/6_桃/5_なつっこ/8.jpg 232,112,310,178,4 345,205,434,272,4 231,203,306,276,4 338,111,429,179,4 247,45,329,109,4 324,44,418,106,4 295,158,363,224,4 
../学習データ/水増しデータ/調整データ/通常/品種/image/6_桃/5_なつっこ/202.20130802E381AAE381A4E381A3E38193.jpg 333,92,490,203,4 306,0,431,108,4 425,29,575,145,4 202,147,393,294,4 63,114,222,254,4 73,231,257,410,4 195,42,344,167,4 467,118,635,250,4 217,273,460,480,4 364,186,565,359,4 
../学習データ/水増しデータ/調整データ/通常/品種/image/6_桃/5_なつっこ/148.sugiyama_natuko_2.jpg 439,329,492,385,4 132,358,238,449,4 354,91,423,185,4 125,20,204,102,4 281,230,351,303,4 398,363,448,408,4 122,279,188,343,4 592,289,639,348,4 
../学習データ/水増しデータ/調整データ/通常/品種/image/6_桃/5_なつっこ/1.jpg 272,42,523,268,4 34,38,275,277,4 
../学習データ/水増しデータ/調整データ/通常/品種/image/6_桃/5_なつっこ/277.natsukko.jpg 40,76,266,303,4 
../学習データ/水増しデータ/調整データ/通常/品種/image/6_桃/5_なつっこ/137.190711-nt-01a.jpg 241,224,586,580,4 
../学習データ/水増しデータ/調整データ/通常/品種/image/6_桃/5_なつっこ/30.jpg 165,17,358,201,4 
../学習データ/水増しデータ/調整データ/通常/品種/image/6_桃/5_なつっこ/11.jpg 513,4,649,97,4 7,37,89,126,4 260,162,328,225,4 317,213,369,283,4 637,33,742,137,4 63,108,151,190,4 298,121,369,192,4 186,124,270,203,4 513,4,649,97,4 
../学習データ/水増しデータ/調整データ/通常/品種/image/6_桃/5_なつっこ/24.jpg 203,126,428,386,4 
../学習データ/水増しデータ/調整データ/通常/品種/image/6_桃/5_なつっこ/29.jpg 440,119,768,471,4 
../学習データ/水増しデータ/調整データ/通常/品種/image/6_桃/5_なつっこ/164.59150502_01_web.jpg 320,207,659,421,4 273,1,522,310,4 30,103,368,421,4 1,241,194,421,4 
../学習データ/水増しデータ/調整データ/通常/品種/image/6_桃/5_なつっこ/138.sky002-5-b-sin.jpg 284,53,448,235,4 431,24,619,176,4 575,227,720,401,4 408,140,606,289,4 1,378,207,641,4 230,175,431,340,4 111,532,407,720,4 370,431,615,685,4 35,233,238,420,4 392,273,623,459,4 188,332,423,535,4 
../学習データ/水増しデータ/調整データ/通常/品種/image/6_桃/5_なつっこ/156.o1080143914795306692.jpg 193,7,888,465,4 11,616,370,968,4 337,574,836,944,4 
../学習データ/水増しデータ/調整データ/通常/品種/image/6_桃/5_なつっこ/32.Natukko01(5760x3840).jpg 481,87,892,463,4 87,137,515,519,4 
../学習データ/水増しデータ/調整データ/通常/品種/image/6_桃/5_なつっこ/180.natsukko_title-thumb-980xauto-1864.jpg 825,2,944,122,4 677,41,748,104,4 670,1,772,53,4 
../学習データ/水増しデータ/調整データ/通常/品種/image/6_桃/5_なつっこ/48.diary_momo_natsukko.jpg 1,156,103,300,4 135,1,291,112,4 121,93,305,281,4 296,35,394,184,4 327,196,400,300,4 3,28,141,159,4 
../学習データ/水増しデータ/調整データ/通常/品種/image/6_桃/5_なつっこ/65.004011000002_1IG0UEz.jpg 1,31,511,560,4 
../学習データ/水増しデータ/調整データ/通常/品種/image/6_桃/5_なつっこ/6.jpg 3,250,82,397,4 400,1,593,106,4 530,28,640,183,4 263,189,492,367,4 356,44,547,187,4 415,265,628,392,4 90,256,317,397,4 412,133,640,267,4 19,139,245,298,4 192,116,411,255,4 16,1,208,167,4 195,5,404,135,4 1,93,109,259,4 
../学習データ/水増しデータ/調整データ/通常/品種/image/6_桃/5_なつっこ/26.jpg 308,204,726,575,4 
../学習データ/水増しデータ/調整データ/通常/品種/image/6_桃/5_なつっこ/27.natsukko_sma_01.jpg 17,0,467,448,4 
../学習データ/水増しデータ/調整データ/通常/品種/image/6_桃/5_なつっこ/167.Effect_20160722_112247.jpg 241,188,340,291,4 311,268,413,357,4 210,295,311,379,4 97,311,207,392,4 270,94,359,194,4 204,25,303,110,4 138,670,256,771,4 255,718,359,797,4 
../学習データ/水増しデータ/調整データ/通常/品種/image/6_桃/5_なつっこ/52.22088.3.jpg 457,347,568,411,4 559,287,655,368,4 426,191,534,278,4 433,273,555,350,4 285,80,397,155,4 305,315,431,395,4 315,226,423,292,4 184,119,299,201,4 193,191,320,276,4 309,152,417,235,4 457,347,568,411,4 208,268,304,327,4 102,163,183,230,4 
../学習データ/水増しデータ/調整データ/通常/品種/image/6_桃/5_なつっこ/2.jpg 18,17,142,132,4 
../学習データ/水増しデータ/調整データ/通常/品種/image/6_桃/5_なつっこ/3.jpg 157,24,380,217,4 
../学習データ/水増しデータ/調整データ/通常/品種/image/6_桃/5_なつっこ/13.jpg 200,136,511,435,4 
../学習データ/水増しデータ/調整データ/通常/品種/image/6_桃/5_なつっこ/12.jpg 1,15,60,120,4 10,1,127,68,4 190,6,249,131,4 128,81,236,187,4 76,11,184,137,4 9,81,127,187,4 
../学習データ/水増しデータ/調整データ/通常/品種/image/6_桃/5_なつっこ/11.Natukko12s.jpg 83,18,172,90,4 10,19,89,96,4 
../学習データ/水増しデータ/調整データ/通常/品種/image/6_桃/5_なつっこ/2.natu_top.jpg 246,13,577,246,4 209,141,612,336,4 557,26,786,337,4 15,15,268,226,4 15,167,222,336,4 
../学習データ/水増しデータ/調整データ/通常/品種/image/6_桃/5_なつっこ/140.natsukko_01-thumb-480xauto-1865.jpg 51,320,152,360,4 126,79,380,308,4 
../学習データ/水増しデータ/調整データ/通常/品種/image/6_桃/5_なつっこ/26.20150722natsu.jpg 3,177,174,372,4 255,0,419,119,4 485,120,640,291,4 228,375,438,480,4 398,1,608,147,4 368,233,585,419,4 300,100,500,250,4 132,73,305,224,4 8,332,254,480,4 158,204,386,386,4 
../学習データ/水増しデータ/調整データ/通常/品種/image/6_桃/5_なつっこ/25.Natukko17(5760x3840).jpg 74,14,523,469,4 
../学習データ/水増しデータ/調整データ/通常/品種/image/6_桃/5_なつっこ/19.Natukko04(5760x3840).jpg 172,28,726,535,4 
../学習データ/水増しデータ/調整データ/通常/品種/image/6_桃/5_なつっこ/7.jpg 28,28,62,73,4 65,66,117,119,4 27,105,63,161,4 22,64,68,123,4 70,26,113,73,4 72,107,113,156,4 189,86,348,221,4 71,156,261,343,4 254,152,449,344,4 
../学習データ/水増しデータ/調整データ/通常/品種/image/6_桃/5_なつっこ/216.20130802E381AAE381A4E381A3E38193.jpg 333,92,490,203,4 306,0,431,108,4 425,29,575,145,4 202,147,393,294,4 63,114,222,254,4 73,231,257,410,4 195,42,344,167,4 467,118,635,250,4 217,273,460,480,4 364,186,565,359,4 
../学習データ/水増しデータ/調整データ/通常/品種/image/6_桃/5_なつっこ/81.imgNatsukko.jpg 31,22,217,173,4 
../学習データ/水増しデータ/調整データ/通常/品種/image/6_桃/5_なつっこ/23.jpg 428,320,491,388,4 132,358,238,449,4 354,91,423,185,4 125,20,204,102,4 281,230,351,303,4 119,268,190,341,4 591,284,640,346,4 
../学習データ/水増しデータ/調整データ/通常/品種/image/6_桃/5_なつっこ/5.jpg 141,62,196,108,4 127,22,178,58,4 207,73,250,112,4 163,115,228,170,4 101,107,157,156,4 129,164,179,206,4 87,57,138,102,4 67,156,117,197,4 37,105,92,152,4 
../学習データ/水増しデータ/調整データ/通常/品種/image/6_桃/5_なつっこ/40.jpg 57,94,118,136,4 148,53,192,89,4 115,91,168,132,4 49,57,93,95,4 68,22,124,63,4 90,58,147,98,4 120,26,168,60,4 173,91,217,136,4 147,56,193,93,4 174,26,211,54,4 147,56,193,93,4 
../学習データ/水増しデータ/調整データ/通常/品種/image/6_桃/5_なつっこ/39.jpg 110,69,259,190,4 60,8,187,107,4 
../学習データ/水増しデータ/調整データ/通常/品種/image/6_桃/5_なつっこ/14.jpg 321,170,422,251,4 384,218,473,284,4 234,69,324,140,4 434,267,521,344,4 257,293,346,365,4 365,308,454,391,4 298,349,384,429,4 164,103,261,182,4 100,136,189,214,4 318,254,406,332,4 287,118,367,189,4 257,206,353,287,4 192,237,286,322,4 157,181,234,267,4 220,151,303,229,4 
../学習データ/水増しデータ/調整データ/通常/品種/image/6_桃/5_なつっこ/23.Natukko11(5760x3840).jpg 466,104,870,469,4 61,110,470,508,4 
../学習データ/水増しデータ/調整データ/通常/品種/image/6_桃/5_なつっこ/160.1natukko0723c2.jpg 669,404,771,495,4 790,517,871,614,4 1,141,94,236,4 642,250,765,342,4 469,153,554,237,4 424,67,508,149,4 904,629,971,697,4 475,638,549,712,4 229,441,296,509,4 
../学習データ/水増しデータ/調整データ/通常/品種/image/6_桃/5_なつっこ/183.1natukko0723c1.jpg 337,205,464,305,4 326,441,482,603,4 161,557,383,784,4 140,820,300,976,4 
../学習データ/水増しデータ/調整データ/通常/品種/image/6_桃/5_なつっこ/34.jpg 77,55,181,144,4 
../学習データ/水増しデータ/調整データ/通常/品種/image/6_桃/5_なつっこ/170.main_11.jpg 108,483,337,708,2 96,20,356,250,4 
../学習データ/水増しデータ/調整データ/通常/品種/image/6_桃/5_なつっこ/28.jpg 104,114,165,178,4 32,142,175,285,4 49,104,95,131,4 
../学習データ/水増しデータ/調整データ/通常/品種/image/6_桃/2_あかつき/205.fukushima-pride_f016.jpg 434,73,601,239,1 118,158,298,344,1 263,111,434,252,1 354,167,536,345,1 110,53,293,202,1 299,24,464,146,1 221,245,422,427,1 
../学習データ/水増しデータ/調整データ/通常/品種/image/6_桃/2_あかつき/98.20190715_akatuki01.jpg 360,42,636,301,1 310,709,340,751,1 1,444,154,676,1 316,428,363,474,1 362,395,400,432,1 300,300,338,341,1 
../学習データ/水増しデータ/調整データ/通常/品種/image/6_桃/2_あかつき/4.jpg 207,18,269,91,1 1,16,69,99,1 1,83,68,169,1 141,1,218,61,1 25,137,129,183,1 165,61,269,149,1 48,1,130,61,1 28,54,134,138,1 96,16,189,122,1 106,96,221,183,1 231,103,275,182,1 
../学習データ/水増しデータ/調整データ/通常/品種/image/6_桃/2_あかつき/32.jpg 39,45,123,125,1 
../学習データ/水増しデータ/調整データ/通常/品種/image/6_桃/2_あかつき/114.imgrc0068938385.jpg 254,135,498,333,1 557,273,788,473,1 317,637,545,846,1 28,494,261,689,1 283,375,521,562,1 
../学習データ/水増しデータ/調整データ/通常/品種/image/6_桃/2_あかつき/125.akatsuki_image01.jpg 11,38,189,216,1 189,40,374,220,1 
../学習データ/水増しデータ/調整データ/通常/品種/image/6_桃/2_あかつき/25.jpg 1,1,120,119,1 21,53,202,215,1 
../学習データ/水増しデータ/調整データ/通常/品種/image/6_桃/2_あかつき/30.akatuki_r1_c2.jpg 467,45,629,188,1 1,178,159,331,1 1,61,66,180,1 158,449,355,626,1 270,309,476,464,1 372,442,604,624,1 77,56,272,207,1 57,312,258,464,1 176,180,372,321,1 363,177,565,310,1 276,53,439,219,1 1,431,129,634,1 502,298,640,467,1 
../学習データ/水増しデータ/調整データ/通常/品種/image/6_桃/2_あかつき/51.jpg 15,40,238,194,1 
../学習データ/水増しデータ/調整データ/通常/品種/image/6_桃/2_あかつき/213.akatsuki01.jpg 46,280,278,480,1 297,55,536,331,1 98,45,404,348,1 
../学習データ/水増しデータ/調整データ/通常/品種/image/6_桃/2_あかつき/27.jpg 51,6,154,110,1 
../学習データ/水増しデータ/調整データ/通常/品種/image/6_桃/2_あかつき/20.jpg 183,1,256,73,1 106,1,179,53,1 
../学習データ/水増しデータ/調整データ/通常/品種/image/6_桃/2_あかつき/6.etc_momo_p2.jpg 28,200,221,352,1 259,51,408,245,1 78,33,310,261,1 
../学習データ/水増しデータ/調整データ/通常/品種/image/6_桃/2_あかつき/43.akatuki.jpg 411,11,640,185,1 188,103,640,480,1 20,39,396,429,1 
../学習データ/水増しデータ/調整データ/通常/品種/image/6_桃/2_あかつき/27.akatsuki_top.jpg 246,1,575,237,1 226,146,595,342,1 565,29,800,324,1 1,13,268,218,1 14,164,222,338,1 
../学習データ/水増しデータ/調整データ/通常/品種/image/6_桃/2_あかつき/172.2001akatuki1.jpg 83,28,207,141,1 
../学習データ/水増しデータ/調整データ/通常/品種/image/6_桃/2_あかつき/38.jpg 45,57,305,312,1 119,257,442,554,1 306,79,569,340,1 
../学習データ/水増しデータ/調整データ/通常/品種/image/6_桃/2_あかつき/33.jpg 32,32,145,143,1 
../学習データ/水増しデータ/調整データ/通常/品種/image/6_桃/2_あかつき/44.jpg 19,21,251,250,1 
../学習データ/水増しデータ/調整データ/通常/品種/image/6_桃/2_あかつき/31.jpg 32,21,148,142,1 
../学習データ/水増しデータ/調整データ/通常/品種/image/6_桃/2_あかつき/15.jpg 9,2,219,215,1 
../学習データ/水増しデータ/調整データ/通常/品種/image/6_桃/2_あかつき/120.0c97c14163fcedb2c77b2ffdce704c09.jpg 501,234,650,349,1 114,227,287,382,1 482,349,697,510,1 160,370,347,495,1 325,346,487,483,1 707,255,853,393,1 628,310,781,471,1 39,342,163,486,1 283,204,434,348,1 
../学習データ/水増しデータ/調整データ/通常/品種/image/6_桃/2_あかつき/35.jpg 116,147,206,236,1 299,4,380,72,1 192,152,259,232,1 231,102,308,176,1 149,100,218,157,1 
../学習データ/水増しデータ/調整データ/通常/品種/image/6_桃/2_あかつき/16.jpg 105,1,222,57,1 1,83,82,182,1 193,1,275,101,1 1,1,106,89,1 144,90,275,183,1 58,29,195,157,1 
../学習データ/水増しデータ/調整データ/通常/品種/image/6_桃/2_あかつき/9.jpg 89,9,164,53,1 30,24,137,131,1 128,21,205,100,1 164,10,229,74,1 
../学習データ/水増しデータ/調整データ/通常/品種/image/6_桃/2_あかつき/55.jpg 167,3,224,74,1 167,44,222,136,1 13,11,103,79,1 93,128,216,225,1 2,130,92,225,1 98,11,166,75,1 72,57,163,142,1 1,62,75,138,1 
../学習データ/水増しデータ/調整データ/通常/品種/image/6_桃/2_あかつき/17.jpg 1,30,117,149,1 60,59,214,207,1 
../学習データ/水増しデータ/調整データ/通常/品種/image/6_桃/2_あかつき/52.jpg 112,162,165,205,1 29,35,76,77,1 23,122,76,167,1 72,147,120,195,1 67,97,114,143,1 112,121,164,164,1 27,171,76,209,1 23,73,71,123,1 68,55,115,99,1 112,75,161,120,1 111,35,157,78,1 
../学習データ/水増しデータ/調整データ/通常/品種/image/6_桃/2_あかつき/58.jpg 170,31,259,120,1 101,1,180,62,1 65,54,196,189,1 4,18,108,103,1 1,120,74,194,1 
../学習データ/水増しデータ/調整データ/通常/品種/image/6_桃/2_あかつき/16.momo_oodamaakatsuki.jpg 160,17,498,368,1 
../学習データ/水増しデータ/調整データ/通常/品種/image/6_桃/2_あかつき/37.akatsuki_2017.jpg 272,300,442,399,1 179,48,293,128,1 62,74,186,162,1 24,176,169,294,1 409,136,548,243,1 143,248,299,360,1 153,139,312,251,1 292,84,408,162,1 280,186,438,303,1 
../学習データ/水増しデータ/調整データ/通常/品種/image/6_桃/2_あかつき/157.ph_pc_akatsuki.jpg 1,128,95,330,1 401,48,500,205,1 24,1,166,84,1 1,26,68,178,1 168,1,311,96,1 295,1,445,99,1 74,27,238,179,1 235,38,393,207,1 324,147,496,330,1 75,124,320,330,1 
../学習データ/水増しデータ/調整データ/通常/品種/image/6_桃/2_あかつき/57.jpg 56,16,205,166,1 
../学習データ/水増しデータ/調整データ/通常/品種/image/6_桃/2_あかつき/1.jpg 43,32,159,154,1 137,4,229,90,1 
../学習データ/水増しデータ/調整データ/通常/品種/image/6_桃/2_あかつき/85.momo-akatsuki.jpg 105,31,306,231,1 
../学習データ/水増しデータ/調整データ/通常/品種/image/6_桃/2_あかつき/18.akatuki_detail_b3.jpg 88,105,423,417,1 
../学習データ/水増しデータ/調整データ/通常/品種/image/6_桃/2_あかつき/46.jpg 42,54,265,267,1 
../学習データ/水増しデータ/調整データ/通常/品種/image/6_桃/2_あかつき/8.2012061220.jpg 56,67,229,200,1 373,280,545,454,1 52,187,171,310,1 640,285,800,405,1 141,328,326,495,1 537,321,693,468,1 512,250,655,334,1 390,236,515,321,1 
../学習データ/水増しデータ/調整データ/通常/品種/image/6_桃/2_あかつき/30.jpg 4,6,295,291,1 
../学習データ/水増しデータ/調整データ/通常/品種/image/6_桃/2_あかつき/11.jpg 1,38,43,121,1 1,1,81,62,1 9,81,101,174,1 49,35,137,122,1 
../学習データ/水増しデータ/調整データ/通常/品種/image/6_桃/2_あかつき/45.jpg 27,38,268,276,1 
../学習データ/水増しデータ/調整データ/通常/品種/image/6_桃/2_あかつき/193.akatuki.jpg 56,85,421,427,1 
../学習データ/水増しデータ/調整データ/通常/品種/image/6_桃/2_あかつき/24.jpg 95,60,178,138,1 27,33,110,110,1 106,11,182,78,1 
../学習データ/水増しデータ/調整データ/通常/品種/image/6_桃/2_あかつき/29.jpg 269,180,532,405,1 192,81,404,298,1 501,150,742,382,1 513,39,730,207,1 326,1,525,196,1 
../学習データ/水増しデータ/調整データ/通常/品種/image/6_桃/2_あかつき/37.jpg 1,1,260,258,1 
../学習データ/水増しデータ/調整データ/通常/品種/image/6_桃/2_あかつき/54.akatsuki_2kg6_03.jpg 17,0,235,78,1 13,41,281,267,1 
../学習データ/水増しデータ/調整データ/通常/品種/image/6_桃/2_あかつき/48.jpg 6,107,118,180,1 102,43,201,139,1 198,26,280,119,1 1,51,81,142,1 57,2,150,84,1 147,1,237,73,1 163,90,272,180,1 
../学習データ/水増しデータ/調整データ/通常/品種/image/6_桃/2_あかつき/53.jpg 27,32,198,205,1 
../学習データ/水増しデータ/調整データ/通常/品種/image/6_桃/2_あかつき/91.img57149220.jpg 235,123,565,431,1 
../学習データ/水増しデータ/調整データ/通常/品種/image/6_桃/2_あかつき/202.akatuki2kg.jpg 119,40,893,756,1 
../学習データ/水増しデータ/調整データ/通常/品種/image/6_桃/2_あかつき/5.akatuki_detail_b4.jpg 96,59,444,418,1 
../学習データ/水増しデータ/調整データ/通常/品種/image/6_桃/2_あかつき/47.jpg 52,95,265,294,1 
../学習データ/水増しデータ/調整データ/通常/品種/image/6_桃/2_あかつき/6.jpg 154,4,240,92,1 104,1,203,56,1 219,42,275,131,1 
../学習データ/水増しデータ/調整データ/通常/品種/image/6_桃/2_あかつき/298.fukusimamirai_f-3.jpg 1,122,98,206,1 88,133,136,203,1 1,200,65,252,1 
../学習データ/水増しデータ/調整データ/通常/品種/image/6_桃/2_あかつき/18.jpg 8,3,226,213,1 
../学習データ/水増しデータ/調整データ/通常/品種/image/6_桃/2_あかつき/21.jpg 1,87,104,146,1 169,1,277,86,1 136,72,247,177,1 62,14,171,123,1 1,15,65,94,1 
../学習データ/水増しデータ/調整データ/通常/品種/image/6_桃/2_あかつき/52.akatuki.jpg 135,142,420,316,1 194,3,417,103,1 
../学習データ/水増しデータ/調整データ/通常/品種/image/6_桃/2_あかつき/11.akatuki_detail_b5.jpg 110,137,362,366,1 
../学習データ/水増しデータ/調整データ/通常/品種/image/6_桃/2_あかつき/2.jpg 1,6,225,218,1 
../学習データ/水増しデータ/調整データ/通常/品種/image/6_桃/2_あかつき/3.jpg 41,1,156,102,1 30,79,133,171,1 131,34,274,171,1 
../学習データ/水増しデータ/調整データ/通常/品種/image/6_桃/2_あかつき/89.akatsuki6.jpg 311,553,503,698,1 133,596,310,814,1 137,436,336,590,1 479,451,665,637,1 696,347,852,535,1 151,259,331,407,1 702,520,880,729,1 288,703,516,882,1 476,627,699,839,1 315,371,479,524,1 318,250,497,382,1 684,192,837,331,1 478,290,650,438,1 
../学習データ/水増しデータ/調整データ/通常/品種/image/6_桃/2_あかつき/12.akatuki_01-thumb-480xauto-1819.jpg 109,65,368,315,1 
../学習データ/水増しデータ/調整データ/通常/品種/image/6_桃/2_あかつき/13.jpg 1,29,55,108,1 11,94,101,191,1 101,8,182,68,1 91,120,196,216,1 119,62,208,142,1 36,48,123,113,1 
../学習データ/水増しデータ/調整データ/通常/品種/image/6_桃/2_あかつき/12.jpg 67,21,207,163,1 
../学習データ/水増しデータ/調整データ/通常/品種/image/6_桃/2_あかつき/42.jpg 21,15,265,265,1 
../学習データ/水増しデータ/調整データ/通常/品種/image/6_桃/2_あかつき/78.img29.jpg 74,25,165,118,1 
../学習データ/水増しデータ/調整データ/通常/品種/image/6_桃/2_あかつき/106.20180711_akatsuki-1.jpg 161,246,290,397,1 203,99,302,180,1 
../学習データ/水増しデータ/調整データ/通常/品種/image/6_桃/2_あかつき/101.momo-akatuki08(5184-3456).jpg 35,93,415,435,1 632,54,959,343,1 345,141,821,601,1 345,33,624,222,1 
../学習データ/水増しデータ/調整データ/通常/品種/image/6_桃/2_あかつき/7.jpg 95,8,168,73,1 11,36,104,126,1 70,66,179,175,1 145,38,243,130,1 
../学習データ/水増しデータ/調整データ/通常/品種/image/6_桃/2_あかつき/191.imgAkatsuki.jpg 31,8,213,177,1 
../学習データ/水増しデータ/調整データ/通常/品種/image/6_桃/2_あかつき/56.jpg 80,48,143,107,1 4,47,64,109,1 223,96,292,161,1 117,3,186,38,1 28,111,104,166,1 139,105,218,168,1 245,37,295,83,1 173,45,220,94,1 188,1,233,27,1 50,2,109,46,1 
../学習データ/水増しデータ/調整データ/通常/品種/image/6_桃/2_あかつき/82.akatuki_title-thumb-980xauto-1818.jpg 786,0,960,123,1 
../学習データ/水増しデータ/調整データ/通常/品種/image/6_桃/2_あかつき/1.akatuki_detail_b1.jpg 0,0,500,500,1 
../学習データ/水増しデータ/調整データ/通常/品種/image/6_桃/2_あかつき/23.jpg 108,95,158,146,1 150,76,198,126,1 67,81,115,131,1 110,46,157,96,1 84,53,117,89,1 
../学習データ/水増しデータ/調整データ/通常/品種/image/6_桃/2_あかつき/5.jpg 37,10,140,110,1 
../学習データ/水増しデータ/調整データ/通常/品種/image/6_桃/2_あかつき/51.imgrc0068941642.jpg 546,84,794,429,1 640,287,800,628,1 12,511,70,557,1 99,516,156,560,1 154,473,208,517,1 178,529,239,585,1 130,579,186,633,1 214,594,276,647,1 247,666,320,722,1 152,650,234,705,1 107,715,176,776,1 77,639,136,695,1 42,572,108,630,1 
../学習データ/水増しデータ/調整データ/通常/品種/image/6_桃/2_あかつき/40.jpg 69,99,137,170,1 198,41,270,105,1 69,99,137,170,1 
../学習データ/水増しデータ/調整データ/通常/品種/image/6_桃/2_あかつき/62.yamaka_peach_common.jpg 384,68,513,158,1 296,34,403,106,1 528,73,638,141,1 233,72,362,140,1 560,191,723,328,1 84,118,235,230,1 153,32,267,103,1 18,194,205,326,1 198,296,466,418,1 548,119,710,221,1 379,194,580,355,1 238,122,396,220,1 385,134,560,274,1 196,203,387,330,1 473,328,699,423,1 650,283,743,415,1 525,39,630,85,1 417,35,522,96,1 94,77,222,135,1 8,302,198,413,1 
../学習データ/水増しデータ/調整データ/通常/品種/image/6_桃/2_あかつき/24.akatuki-top201603.jpg 305,72,529,329,1 100,50,402,341,1 43,290,285,486,1 
../学習データ/水増しデータ/調整データ/通常/品種/image/6_桃/2_あかつき/14.jpg 148,15,289,132,1 
../学習データ/水増しデータ/調整データ/通常/品種/image/6_桃/2_あかつき/10.jpg 62,21,149,77,1 7,51,104,123,1 1,17,56,106,1 103,48,191,135,1 150,24,225,110,1 
../学習データ/水増しデータ/調整データ/通常/品種/image/6_桃/2_あかつき/54.jpg 40,123,93,172,1 109,122,159,169,1 143,13,189,56,1 206,84,257,130,1 174,120,226,170,1 76,12,129,60,1 207,13,253,54,1 76,83,127,133,1 140,85,192,131,1 174,49,223,94,1 109,47,160,96,1 44,49,96,96,1 8,85,64,134,1 8,9,66,63,1 
../学習データ/水増しデータ/調整データ/通常/品種/image/6_桃/2_あかつき/34.jpg 30,13,122,104,1 60,95,129,158,1 
../学習データ/水増しデータ/調整データ/通常/品種/image/6_桃/2_あかつき/43.jpg 9,7,291,289,1 
../学習データ/水増しデータ/調整データ/通常/品種/image/6_桃/2_あかつき/28.jpg 52,17,159,122,1 
../学習データ/水増しデータ/調整データ/通常/品種/image/6_桃/2_あかつき/123.akatuki_detail_b2.jpg 108,134,217,181,1 270,301,375,357,1 167,178,261,238,1 316,132,421,189,1 336,244,441,300,1 434,133,498,191,1 377,181,481,250,1 412,286,500,357,1 1,133,99,190,1 121,301,237,359,1 267,192,374,248,1 213,247,309,309,1 50,175,135,236,1 93,235,186,291,1 463,233,500,290,1 1,224,59,299,1 1,297,103,353,1 229,135,306,173,1 
../学習データ/水増しデータ/調整データ/通常/品種/image/6_桃/2_あかつき/36.jpg 449,120,500,307,1 332,1,494,196,1 31,1,230,157,1 186,72,419,295,1 
../学習データ/水増しデータ/調整データ/通常/品種/image/6_桃/3_川中島白桃/4.jpg 216,36,468,206,2 430,127,711,408,2 
../学習データ/水増しデータ/調整データ/通常/品種/image/6_桃/3_川中島白桃/34.kira4l5k-c6.jpg 258,225,411,310,2 425,251,611,378,2 12,292,136,433,2 42,367,196,461,2 320,295,462,398,2 126,262,278,343,2 395,342,562,493,2 190,326,320,422,2 109,431,291,548,2 259,380,424,540,2 561,299,690,460,2 397,190,520,283,2 
../学習データ/水増しデータ/調整データ/通常/品種/image/6_桃/3_川中島白桃/32.jpg 645,59,796,511,2 75,96,348,286,2 163,156,594,560,2 
../学習データ/水増しデータ/調整データ/通常/品種/image/6_桃/3_川中島白桃/25.jpg 275,182,509,405,2 194,82,390,295,2 504,147,743,385,2 513,39,730,207,2 316,1,529,191,2 
../学習データ/水増しデータ/調整データ/通常/品種/image/6_桃/3_川中島白桃/94.imgKawanakajimaHakutou.jpg 42,13,202,175,2 
../学習データ/水増しデータ/調整データ/通常/品種/image/6_桃/3_川中島白桃/71.kawanakajimahakuto_gift3.jpg 598,623,773,814,2 403,159,598,370,2 575,419,787,619,2 230,416,437,592,2 399,338,607,523,2 386,519,617,731,2 558,259,769,402,2 219,627,429,828,2 251,245,419,404,2 
../学習データ/水増しデータ/調整データ/通常/品種/image/6_桃/3_川中島白桃/38.kira4l5k-t1b.jpg 144,314,273,393,2 449,323,587,421,2 3,351,142,439,2 268,283,406,368,2 384,261,515,339,2 172,377,339,478,2 529,358,689,510,2 46,417,202,501,2 380,406,565,545,2 318,346,456,456,2 91,466,282,589,2 246,434,431,572,2 
../学習データ/水増しデータ/調整データ/通常/品種/image/6_桃/3_川中島白桃/80.z008_032601.jpg 121,1,460,286,2 
../学習データ/水増しデータ/調整データ/通常/品種/image/6_桃/3_川中島白桃/186.kawanakazima_detail_s3.jpg 26,24,144,149,2 
../学習データ/水増しデータ/調整データ/通常/品種/image/6_桃/3_川中島白桃/84.2018kawanaka.jpg 32,148,115,225,2 
../学習データ/水増しデータ/調整データ/通常/品種/image/6_桃/3_川中島白桃/27.jpg 1,273,776,701,2 
../学習データ/水増しデータ/調整データ/通常/品種/image/6_桃/3_川中島白桃/20.jpg 25,48,200,283,2 
../学習データ/水増しデータ/調整データ/通常/品種/image/6_桃/3_川中島白桃/152.purchase-type1-photo1-01.jpg 40,61,216,231,2 
../学習データ/水増しデータ/調整データ/通常/品種/image/6_桃/3_川中島白桃/55.kawanakazima_detail_b3.jpg 59,71,428,435,2 
../学習データ/水増しデータ/調整データ/通常/品種/image/6_桃/3_川中島白桃/212.kawanakajima-5.jpg 17,0,152,118,2 83,53,224,200,2 
../学習データ/水増しデータ/調整データ/通常/品種/image/6_桃/3_川中島白桃/35.kira5k-t1b.jpg 575,332,697,420,2 354,409,490,501,2 1,374,132,462,2 101,479,243,580,2 155,390,294,492,2 435,239,547,334,2 241,311,357,387,2 119,340,242,418,2 233,437,374,539,2 398,327,524,422,2 280,362,394,464,2 330,274,451,368,2 58,430,169,515,2 498,286,613,391,2 483,371,597,482,2 
../学習データ/水増しデータ/調整データ/通常/品種/image/6_桃/3_川中島白桃/237.sd1_0e46b1cf393a523ce038b8c00c512ffaa8bd91a5.jpg 50,172,227,259,2 253,167,446,260,2 340,75,520,193,2 0,74,156,194,2 79,0,263,103,2 142,78,348,195,2 256,0,446,99,2 
../学習データ/水増しデータ/調整データ/通常/品種/image/6_桃/3_川中島白桃/207.sd1_0e46b1cf393a523ce038b8c00c512ffaa8bd91a5.jpg 50,172,227,259,2 253,167,446,260,2 340,75,520,193,2 0,74,156,194,2 79,0,263,103,2 142,78,348,195,2 256,0,446,99,2 
../学習データ/水増しデータ/調整データ/通常/品種/image/6_桃/3_川中島白桃/184.031G-008.jpg 73,480,217,603,2 135,352,281,489,2 207,480,357,606,2 82,220,210,352,2 215,223,346,353,2 
../学習データ/水増しデータ/調整データ/通常/品種/image/6_桃/3_川中島白桃/33.jpg 3,190,127,408,2 329,256,500,477,2 1,15,138,229,2 303,6,492,191,2 116,1,316,114,2 122,108,351,314,2 86,331,314,494,2 
../学習データ/水増しデータ/調整データ/通常/品種/image/6_桃/3_川中島白桃/15.jpg 396,231,649,416,2 107,101,393,383,2 
../学習データ/水増しデータ/調整データ/通常/品種/image/6_桃/3_川中島白桃/280.kawanakajima3.jpg 108,67,182,128,2 48,6,105,51,2 31,62,106,126,2 108,67,182,128,2 118,10,177,58,2 184,6,251,57,2 184,68,258,124,2 
../学習データ/水増しデータ/調整データ/通常/品種/image/6_桃/3_川中島白桃/35.jpg 26,28,198,194,2 
../学習データ/水増しデータ/調整データ/通常/品種/image/6_桃/3_川中島白桃/16.jpg 500,43,585,250,2 315,6,497,171,2 126,50,342,257,2 326,112,553,304,2 
../学習データ/水増しデータ/調整データ/通常/品種/image/6_桃/3_川中島白桃/9.jpg 0,0,300,300,2 
../学習データ/水増しデータ/調整データ/通常/品種/image/6_桃/3_川中島白桃/17.jpg 42,47,255,239,2 
../学習データ/水増しデータ/調整データ/通常/品種/image/6_桃/3_川中島白桃/85.top_shouhin1.jpg 216,50,437,197,2 121,5,323,134,2 402,18,630,150,2 
../学習データ/水増しデータ/調整データ/通常/品種/image/6_桃/3_川中島白桃/165.kawanakajima.jpg 52,191,254,381,2 97,9,310,206,2 
../学習データ/水増しデータ/調整データ/通常/品種/image/6_桃/3_川中島白桃/8.jpg 50,12,161,124,2 
../学習データ/水増しデータ/調整データ/通常/品種/image/6_桃/3_川中島白桃/10.peach_kawanakajima.jpg 359,136,499,255,2 183,83,326,236,2 
../学習データ/水増しデータ/調整データ/通常/品種/image/6_桃/3_川中島白桃/17.kira4l-c5.jpg 20,297,98,396,2 279,312,653,662,2 171,296,271,362,2 
../学習データ/水増しデータ/調整データ/通常/品種/image/6_桃/3_川中島白桃/58.summer_2018_5_01.jpg 411,304,487,360,2 531,409,626,472,2 512,341,590,400,2 434,369,525,428,2 495,277,559,336,2 470,222,539,307,2 267,503,328,564,2 267,503,328,564,2 366,185,444,248,2 448,175,518,226,2 515,156,579,216,2 538,214,613,268,2 390,242,470,296,2 559,265,650,316,2 587,320,681,385,2 621,387,705,440,2 458,433,536,484,2 288,412,358,461,2 237,448,307,506,2 305,460,377,524,2 360,426,416,484,2 378,490,443,539,2 333,528,406,588,2 
../学習データ/水増しデータ/調整データ/通常/品種/image/6_桃/3_川中島白桃/1.jpg 32,52,335,324,2 289,3,526,250,2 
../学習データ/水増しデータ/調整データ/通常/品種/image/6_桃/3_川中島白桃/162.3a48ce2fbf5b64b5acc93e315c5e4a8d-1024x324.jpg 450,12,570,135,2 231,149,386,294,2 303,59,452,162,2 175,59,318,201,2 69,151,222,304,2 21,74,155,201,2 573,14,678,116,2 144,5,250,70,2 289,11,366,69,2 
../学習データ/水増しデータ/調整データ/通常/品種/image/6_桃/3_川中島白桃/30.jpg 1,9,229,240,2 52,216,300,504,2 
../学習データ/水増しデータ/調整データ/通常/品種/image/6_桃/3_川中島白桃/11.jpg 25,26,145,149,2 
../学習データ/水増しデータ/調整データ/通常/品種/image/6_桃/3_川中島白桃/1.o_010_01.jpg 89,44,403,321,2 
../学習データ/水増しデータ/調整データ/通常/品種/image/6_桃/3_川中島白桃/24.jpg 1,11,149,148,2 71,1,212,71,2 
../学習データ/水増しデータ/調整データ/通常/品種/image/6_桃/3_川中島白桃/275.kasugai.jpg 299,153,520,306,2 278,21,495,200,2 130,95,309,306,2 
../学習データ/水増しデータ/調整データ/通常/品種/image/6_桃/3_川中島白桃/22.kawa1.jpg 391,228,640,409,2 106,99,388,355,2 
../学習データ/水増しデータ/調整データ/通常/品種/image/6_桃/3_川中島白桃/37.jpg 93,204,140,241,2 9,88,47,118,2 137,125,175,156,2 166,147,196,178,2 1,108,30,148,2 154,173,194,211,2 110,174,153,209,2 126,150,165,174,2 83,150,126,183,2 66,178,109,215,2 37,153,82,192,2 56,128,97,157,2 96,127,137,154,2 112,107,146,133,2 86,88,121,111,2 74,107,111,133,2 32,109,71,136,2 12,132,54,170,2 46,87,84,114,2 64,70,96,93,2 
../学習データ/水増しデータ/調整データ/通常/品種/image/6_桃/3_川中島白桃/2.ea622-m.jpg 1,1,175,244,2 134,4,453,270,2 1,1,175,244,2 
../学習データ/水増しデータ/調整データ/通常/品種/image/6_桃/3_川中島白桃/119.kawanakajimahakuto_01.jpg 204,261,446,440,2 544,50,720,218,2 1,40,216,224,2 386,153,632,313,2 273,42,514,225,2 57,156,320,366,2 
../学習データ/水増しデータ/調整データ/通常/品種/image/6_桃/3_川中島白桃/220.9fd1c055f2121a508f4f7df359c0a2b601fc1f7f.15.2.9.2.jpg 1070,547,1588,1110,2 246,1529,1068,2097,2 1498,240,2184,843,2 424,270,1049,922,2 2217,1082,2924,1670,2 1641,1459,2379,2058,2 1027,1134,1707,1749,2 2178,493,2700,1010,2 367,875,843,1382,2 
../学習データ/水増しデータ/調整データ/通常/品種/image/6_桃/3_川中島白桃/140.kawanakajimahakuto6.jpg 714,308,837,505,2 171,427,346,560,2 124,583,361,815,2 334,489,553,684,2 520,592,752,827,2 171,262,378,404,2 320,682,550,868,2 332,354,547,482,2 361,237,533,363,2 515,288,676,427,2 530,419,721,585,2 675,176,817,320,2 753,501,867,707,2 
../学習データ/水増しデータ/調整データ/通常/品種/image/6_桃/3_川中島白桃/4.kawanakam--770x513.jpg 216,36,466,183,2 449,126,709,404,2 
../学習データ/水増しデータ/調整データ/通常/品種/image/6_桃/3_川中島白桃/231.8momo_top.jpg 245,1,588,237,2 49,22,282,229,2 562,29,800,334,2 205,145,595,338,2 15,168,218,339,2 
../学習データ/水増しデータ/調整データ/通常/品種/image/6_桃/3_川中島白桃/90.kawanaka-22.jpg 245,80,480,310,2 4,126,133,318,2 134,176,430,318,2 179,1,363,164,2 30,51,248,281,2 
../学習データ/水増しデータ/調整データ/通常/品種/image/6_桃/3_川中島白桃/18.jpg 66,9,292,236,2 
../学習データ/水増しデータ/調整データ/通常/品種/image/6_桃/3_川中島白桃/145.kawanakajimahakuto3.jpg 603,381,768,525,2 395,462,619,650,2 211,534,417,749,2 252,214,448,357,2 597,535,811,778,2 240,382,422,517,2 405,310,618,439,2 585,236,745,367,2 419,184,611,316,2 402,625,629,813,2 
../学習データ/水増しデータ/調整データ/通常/品種/image/6_桃/3_川中島白桃/26.jpg 217,515,380,670,2 260,716,429,865,2 383,503,539,653,2 357,793,561,972,2 255,277,390,385,2 313,596,506,753,2 423,688,621,846,2 118,439,297,564,2 155,602,326,769,2 276,420,451,569,2 488,590,655,750,2 182,349,341,490,2 606,684,780,835,2 41,519,226,684,2 1,444,124,584,2 26,358,183,483,2 543,487,693,638,2 340,350,479,475,2 440,421,589,565,2 648,573,774,730,2 159,169,455,359,2 
../学習データ/水増しデータ/調整データ/通常/品種/image/6_桃/3_川中島白桃/21.jpg 128,34,291,194,2 1,12,127,149,2 6,95,198,290,2 
../学習データ/水増しデータ/調整データ/通常/品種/image/6_桃/3_川中島白桃/151.kawanakajimahakutou.jpg 85,1,150,63,2 1,1,150,150,2 
../学習データ/水増しデータ/調整データ/通常/品種/image/6_桃/3_川中島白桃/253.kawanakajima-5.jpg 17,0,152,118,2 83,53,224,200,2 
../学習データ/水増しデータ/調整データ/通常/品種/image/6_桃/3_川中島白桃/2.jpg 140,10,227,106,2 26,15,159,148,2 
../学習データ/水増しデータ/調整データ/通常/品種/image/6_桃/3_川中島白桃/3.jpg 540,1,958,350,2 60,1,527,431,2 328,91,881,611,2 
../学習データ/水増しデータ/調整データ/通常/品種/image/6_桃/3_川中島白桃/33.kawanaka-top201603.jpg 438,283,577,392,2 268,456,398,588,2 703,190,797,300,2 487,166,596,293,2 313,262,398,344,2 383,132,486,264,2 253,61,399,186,2 383,132,486,264,2 
../学習データ/水増しデータ/調整データ/通常/品種/image/6_桃/3_川中島白桃/127.kira-450e.jpg 35,69,308,347,2 
../学習データ/水増しデータ/調整データ/通常/品種/image/6_桃/3_川中島白桃/13.jpg 254,145,419,277,2 351,10,559,199,2 
../学習データ/水増しデータ/調整データ/通常/品種/image/6_桃/3_川中島白桃/12.jpg 291,90,695,473,2 
../学習データ/水増しデータ/調整データ/通常/品種/image/6_桃/3_川中島白桃/19.jpg 46,160,257,300,2 
../学習データ/水増しデータ/調整データ/通常/品種/image/6_桃/3_川中島白桃/123.kira4l6p-450b.jpg 532,260,700,420,2 362,345,647,527,2 5,402,235,542,2 327,218,551,370,2 152,294,407,477,2 186,456,503,603,2 
../学習データ/水増しデータ/調整データ/通常/品種/image/6_桃/3_川中島白桃/39.z008_0326.jpg 11,11,237,225,2 
../学習データ/水増しデータ/調整データ/通常/品種/image/6_桃/3_川中島白桃/22.jpg 126,123,281,271,2 222,7,300,168,2 22,2,222,197,2 
../学習データ/水増しデータ/調整データ/通常/品種/image/6_桃/3_川中島白桃/7.jpg 50,10,161,126,2 
../学習データ/水増しデータ/調整データ/通常/品種/image/6_桃/3_川中島白桃/81.P7270057kawa.jpg 155,134,435,383,2 345,205,673,400,2 442,110,686,306,2 
../学習データ/水増しデータ/調整データ/通常/品種/image/6_桃/3_川中島白桃/233.mi_kawanaka1.jpg 5,43,160,210,2 141,82,293,261,2 
../学習データ/水増しデータ/調整データ/通常/品種/image/6_桃/3_川中島白桃/118.kawanakajima-2k-01.jpg 11,51,110,156,2 100,76,231,185,2 
../学習データ/水増しデータ/調整データ/通常/品種/image/6_桃/3_川中島白桃/23.jpg 178,1,300,118,2 70,47,300,285,2 1,1,165,196,2 
../学習データ/水増しデータ/調整データ/通常/品種/image/6_桃/3_川中島白桃/249.9fd1c055f2121a508f4f7df359c0a2b601fc1f7f.15.2.9.2.jpg 1070,547,1588,1110,2 246,1529,1068,2097,2 1498,240,2184,843,2 424,270,1049,922,2 2217,1082,2924,1670,2 1641,1459,2379,2058,2 1017,1134,1650,1766,2 2163,461,2734,954,2 367,862,904,1395,2 
../学習データ/水増しデータ/調整データ/通常/品種/image/6_桃/3_川中島白桃/297.kawanakajima-w2k-01.jpg 9,51,113,153,2 100,75,231,187,2 
../学習データ/水増しデータ/調整データ/通常/品種/image/6_桃/3_川中島白桃/5.jpg 480,174,625,322,2 410,36,556,171,2 377,221,513,367,2 236,79,383,224,2 493,330,634,475,2 91,184,240,341,2 596,1,752,104,2 
../学習データ/水増しデータ/調整データ/通常/品種/image/6_桃/3_川中島白桃/28.peach-top-kawanakajima2k.jpg 500,43,585,250,2 315,9,482,171,2 128,54,333,271,2 325,99,563,325,2 
../学習データ/水増しデータ/調整データ/通常/品種/image/6_桃/3_川中島白桃/40.jpg 58,32,137,103,2 140,46,227,133,2 73,66,166,157,2 
../学習データ/水増しデータ/調整データ/通常/品種/image/6_桃/3_川中島白桃/39.jpg 218,26,276,122,2 33,28,138,125,2 132,11,214,78,2 129,51,244,161,2 
../学習データ/水増しデータ/調整データ/通常/品種/image/6_桃/3_川中島白桃/5.kawanakazima_detail_b4.jpg 34,31,462,463,2 
../学習データ/水増しデータ/調整データ/通常/品種/image/6_桃/3_川中島白桃/37.kira5k-c6.jpg 114,295,224,378,2 70,418,233,559,2 200,383,361,497,2 339,360,471,448,2 145,344,274,444,2 412,194,542,280,2 218,251,342,339,2 323,225,441,308,2 32,382,164,469,2 480,240,610,342,2 385,273,500,387,2 14,320,108,413,2 265,307,389,413,2 471,322,591,407,2 573,283,696,364,2 
../学習データ/水増しデータ/調整データ/通常/品種/image/6_桃/3_川中島白桃/14.jpg 1,112,229,361,2 249,102,474,292,2 76,185,377,462,2 
../学習データ/水増しデータ/調整データ/通常/品種/image/6_桃/3_川中島白桃/14.kawanakashima.jpg 193,195,448,432,2 341,7,479,273,2 27,4,355,315,2 
../学習データ/水増しデータ/調整データ/通常/品種/image/6_桃/3_川中島白桃/10.jpg 9,11,158,159,2 9,11,158,159,2 
../学習データ/水増しデータ/調整データ/通常/品種/image/6_桃/3_川中島白桃/78.hakutoh_2kg.jpg 90,63,317,400,2 325,0,628,370,2 90,63,317,400,2 
../学習データ/水増しデータ/調整データ/通常/品種/image/6_桃/3_川中島白桃/161.adfc70b6e87d0ff483b71e3592fa170f.jpg 642,391,821,577,2 741,302,870,458,2 394,305,572,464,2 204,244,386,418,2 579,294,737,455,2 55,256,212,453,2 442,409,643,570,2 155,193,289,315,2 
../学習データ/水増しデータ/調整データ/通常/品種/image/6_桃/3_川中島白桃/15.kawanakazima_main.jpg 0,0,300,300,2 
../学習データ/水増しデータ/調整データ/通常/品種/image/6_桃/3_川中島白桃/8.imgrc0075235394.jpg 429,246,637,424,2 43,175,262,388,2 249,169,469,345,2 78,399,128,444,2 115,457,164,494,2 141,510,195,555,2 86,496,139,541,2 61,537,116,587,2 7,425,53,462,2 60,443,107,482,2 28,484,78,523,2 
../学習データ/水増しデータ/調整データ/通常/品種/image/6_桃/3_川中島白桃/28.jpg 603,87,780,355,2 34,259,469,602,2 1,116,329,419,2 333,94,693,460,2 
