../学習データ/調整データv2/品種/image/2_梨/3_豊水/214.L21909G_top.jpg 79,64,258,218,2 253,57,539,303,2 
../学習データ/調整データv2/品種/image/2_梨/3_豊水/4.jpg 306,1,400,137,2 116,67,265,207,2 
../学習データ/調整データv2/品種/image/2_梨/3_豊水/107.sf-housui-gal02.jpg 1,1,339,268,2 503,132,761,385,2 345,345,493,495,2 126,413,257,538,2 
../学習データ/調整データv2/品種/image/2_梨/3_豊水/32.jpg 11,50,120,123,2 107,15,215,118,2 
../学習データ/調整データv2/品種/image/2_梨/3_豊水/218.housui-h5b.jpg 621,443,971,892,2 417,247,796,639,2 
../学習データ/調整データv2/品種/image/2_梨/3_豊水/190.h5.jpg 144,256,395,450,2 142,25,376,261,2 31,205,225,425,2 
../学習データ/調整データv2/品種/image/2_梨/3_豊水/260.09-housui3.jpg 106,49,211,148,2 171,131,272,223,2 222,59,300,149,2 57,0,149,76,2 4,63,93,144,2 169,0,252,76,2 47,135,154,221,2 
../学習データ/調整データv2/品種/image/2_梨/3_豊水/25.jpg 518,4,743,174,2 538,138,759,343,2 363,81,575,294,2 
../学習データ/調整データv2/品種/image/2_梨/3_豊水/248.11610119.jpg 2284,1498,2807,2069,2 804,963,1385,1522,2 1375,883,1925,1508,2 1081,1499,1668,2092,2 1636,1477,2277,2037,2 499,469,1088,901,2 1953,947,2499,1483,2 1116,466,1620,901,2 2219,493,2752,888,2 1616,513,2196,884,2 179,952,794,1461,2 447,1530,1073,2126,2 
../学習データ/調整データv2/品種/image/2_梨/3_豊水/188.09-housui2.jpg 144,2,315,119,2 0,19,215,258,2 
../学習データ/調整データv2/品種/image/2_梨/3_豊水/226.cart-housui.jpg 552,15,754,210,2 177,205,230,256,2 
../学習データ/調整データv2/品種/image/2_梨/3_豊水/217.hosui5kg500.jpg 54,84,426,452,2 
../学習データ/調整データv2/品種/image/2_梨/3_豊水/281.11-14-housui.jpg 66,48,236,230,2 
../学習データ/調整データv2/品種/image/2_梨/3_豊水/27.jpg 408,57,698,360,2 
../学習データ/調整データv2/品種/image/2_梨/3_豊水/20.jpg 149,71,250,185,2 89,5,162,77,2 165,7,250,96,2 
../学習データ/調整データv2/品種/image/2_梨/3_豊水/221.housui.jpg 158,1,200,102,2 32,15,185,162,2 
../学習データ/調整データv2/品種/image/2_梨/3_豊水/38.housui_til.jpg 21,35,490,439,2 
../学習データ/調整データv2/品種/image/2_梨/3_豊水/236.housui-3kt.jpg 328,348,430,425,2 104,462,255,598,2 172,484,436,640,2 18,267,96,349,2 165,288,286,404,2 2,425,64,542,2 
../学習データ/調整データv2/品種/image/2_梨/3_豊水/196.housui200912.jpg 0,39,86,133,2 263,0,340,65,2 1,124,92,262,2 97,64,213,188,2 109,180,257,262,2 84,3,188,78,2 232,98,350,222,2 195,29,296,111,2 
../学習データ/調整データv2/品種/image/2_梨/3_豊水/134.IMG_2373.jpg 94,1872,1084,2604,2 2476,1694,3060,2209,2 1049,814,1618,1211,2 927,1442,1507,1966,2 1585,487,2072,901,2 1110,220,1563,654,2 460,1122,978,1558,2 1523,1116,2146,1640,2 1453,2000,2122,2488,2 2413,587,2894,1055,2 3249,1687,3851,2192,2 3108,1069,3569,1574,2 3000,621,3542,1063,2 2436,1111,2872,1548,2 567,514,1094,924,2 
../学習データ/調整データv2/品種/image/2_梨/3_豊水/38.jpg 137,60,239,161,2 57,101,152,183,2 
../学習データ/調整データv2/品種/image/2_梨/3_豊水/33.jpg 38,12,142,113,2 
../学習データ/調整データv2/品種/image/2_梨/3_豊水/21.housui_image2.jpg 141,45,224,134,3 16,55,90,129,3 70,12,168,120,3 384,100,487,192,2 71,109,182,203,3 270,108,393,206,2 326,12,451,123,2 
../学習データ/調整データv2/品種/image/2_梨/3_豊水/44.jpg 83,64,149,124,2 120,32,172,80,2 31,118,118,193,2 118,113,204,192,2 152,62,223,125,2 15,60,82,120,2 63,30,113,75,2 6,28,59,76,2 
../学習データ/調整データv2/品種/image/2_梨/3_豊水/31.jpg 63,47,119,107,2 101,46,182,118,2 1,78,78,149,2 2,1,79,77,2 178,56,225,128,2 174,6,225,61,2 
../学習データ/調整データv2/品種/image/2_梨/3_豊水/15.jpg 5,214,239,458,2 232,211,452,450,2 
../学習データ/調整データv2/品種/image/2_梨/3_豊水/16.jpg 186,100,247,153,2 141,139,201,187,2 105,107,162,147,2 113,55,168,100,2 108,225,296,407,2 4,335,191,480,2 79,75,119,116,2 156,81,201,123,2 
../学習データ/調整データv2/品種/image/2_梨/3_豊水/292.faq_asianpears1.jpg 315,29,392,100,2 26,32,105,107,3 15,262,106,355,5 
../学習データ/調整データv2/品種/image/2_梨/3_豊水/9.jpg 1,46,306,455,2 265,23,640,352,2 
../学習データ/調整データv2/品種/image/2_梨/3_豊水/55.jpg 109,42,235,165,2 
../学習データ/調整データv2/品種/image/2_梨/3_豊水/17.jpg 104,92,140,129,2 63,93,102,131,2 52,162,101,208,2 24,94,64,129,2 138,161,179,204,2 99,163,144,207,2 119,124,162,167,2 8,162,57,207,2 4,125,41,167,2 73,124,122,167,2 38,127,85,168,2 139,89,181,127,2 
../学習データ/調整データv2/品種/image/2_梨/3_豊水/72.mainimg_item4.jpg 235,63,534,357,2 
../学習データ/調整データv2/品種/image/2_梨/3_豊水/114.hosui_nashi_image02.jpg 86,163,186,236,2 41,3,185,152,2 
../学習データ/調整データv2/品種/image/2_梨/3_豊水/3.517Siw7T5qL.__AC_SY300_QL70_ML2_.jpg 9,20,289,283,2 
../学習データ/調整データv2/品種/image/2_梨/3_豊水/8.jpg 104,106,346,372,2 465,76,717,340,2 262,137,561,411,2 102,365,409,675,2 449,331,755,618,2 
../学習データ/調整データv2/品種/image/2_梨/3_豊水/157.h5.jpg 141,243,392,450,2 142,25,376,261,2 29,208,226,416,2 
../学習データ/調整データv2/品種/image/2_梨/3_豊水/62.image_housui.jpg 307,1,400,140,2 124,68,259,203,2 257,122,313,196,2 
../学習データ/調整データv2/品種/image/2_梨/3_豊水/209.housui4.jpg 184,54,314,196,2 
../学習データ/調整データv2/品種/image/2_梨/3_豊水/251.1764970.jpg 135,1,237,68,2 208,116,327,204,2 122,68,231,150,2 222,38,318,115,2 48,18,143,100,2 22,96,126,191,2 314,78,418,155,2 321,161,445,271,2 103,151,212,254,2 201,212,337,294,2 
../学習データ/調整データv2/品種/image/2_梨/3_豊水/50.jpg 97,49,190,143,2 45,13,135,111,2 143,20,233,106,2 
../学習データ/調整データv2/品種/image/2_梨/3_豊水/137.top1_housui.jpg 470,355,562,425,2 572,343,671,410,2 
../学習データ/調整データv2/品種/image/2_梨/3_豊水/298.housui-box-l.jpg 331,51,436,145,2 166,6,271,77,2 75,115,209,214,2 286,3,376,74,2 242,130,370,244,2 392,119,517,229,2 57,44,170,131,2 293,219,451,361,2 101,188,256,329,2 461,217,595,332,2 138,319,326,450,2 196,56,311,132,2 
../学習データ/調整データv2/品種/image/2_梨/3_豊水/30.housui-pear.jpg 6,471,285,707,2 800,440,1082,718,2 277,0,759,298,2 12,59,279,487,2 749,32,1076,479,2 226,207,824,724,2 
../学習データ/調整データv2/品種/image/2_梨/3_豊水/46.jpg 43,24,220,199,2 
../学習データ/調整データv2/品種/image/2_梨/3_豊水/49.jpg 106,1,161,53,2 164,49,220,100,2 43,97,115,159,2 25,27,85,85,2 82,37,133,91,2 232,66,290,125,2 222,45,279,88,2 174,32,219,63,2 78,13,121,48,2 
../学習データ/調整データv2/品種/image/2_梨/3_豊水/11.jpg 158,168,234,238,2 19,91,97,161,2 153,96,230,165,2 11,163,93,234,2 82,124,160,202,2 
../学習データ/調整データv2/品種/image/2_梨/3_豊水/45.jpg 88,148,177,224,2 95,39,209,148,2 
../学習データ/調整データv2/品種/image/2_梨/3_豊水/24.jpg 385,12,609,148,2 552,53,792,340,2 292,94,577,370,2 87,76,347,315,2 440,152,736,473,2 
../学習データ/調整データv2/品種/image/2_梨/3_豊水/29.jpg 90,160,187,244,2 41,3,189,150,2 
../学習データ/調整データv2/品種/image/2_梨/3_豊水/9.top.jpg 311,87,546,309,2 
../学習データ/調整データv2/品種/image/2_梨/3_豊水/37.jpg 12,48,102,130,2 81,23,182,117,2 
../学習データ/調整データv2/品種/image/2_梨/3_豊水/48.jpg 59,56,121,117,2 119,51,184,113,2 158,104,216,160,2 96,106,153,144,2 36,111,93,169,2 17,87,66,141,2 179,84,235,135,2 
../学習データ/調整データv2/品種/image/2_梨/3_豊水/53.jpg 120,65,216,161,2 7,63,113,164,2 
../学習データ/調整データv2/品種/image/2_梨/3_豊水/199.hosui1.jpg 71,0,312,246,2 
../学習データ/調整データv2/品種/image/2_梨/3_豊水/47.jpg 137,142,216,194,2 1,81,55,131,2 19,112,89,159,2 142,76,207,129,2 52,140,118,203,2 1,180,72,225,2 69,82,125,131,2 102,110,167,162,2 83,178,175,225,2 1,138,28,198,2 
../学習データ/調整データv2/品種/image/2_梨/3_豊水/6.jpg 1,81,216,424,2 112,8,479,344,2 
../学習データ/調整データv2/品種/image/2_梨/3_豊水/18.jpg 54,143,112,194,2 69,141,178,226,2 12,118,47,182,2 12,59,69,117,2 68,67,136,127,2 138,79,179,140,2 
../学習データ/調整データv2/品種/image/2_梨/3_豊水/26.jpg 654,73,800,284,2 476,1,701,206,2 364,127,550,260,2 556,180,751,322,2 
../学習データ/調整データv2/品種/image/2_梨/3_豊水/230.h3.jpg 141,249,388,450,2 142,13,409,250,2 31,208,190,418,2 
../学習データ/調整データv2/品種/image/2_梨/3_豊水/21.jpg 176,158,364,264,2 1,194,263,420,2 262,181,505,420,2 488,220,640,416,2 1,156,159,274,2 387,159,567,253,2 533,150,640,231,2 
../学習データ/調整データv2/品種/image/2_梨/3_豊水/2.jpg 1,37,172,188,2 34,1,151,73,2 141,18,250,144,2 
../学習データ/調整データv2/品種/image/2_梨/3_豊水/3.jpg 377,87,500,206,2 265,107,398,217,2 314,6,451,132,2 68,16,171,113,3 155,44,224,133,3 75,111,178,207,3 11,51,93,137,3 
../学習データ/調整データv2/品種/image/2_梨/3_豊水/13.jpg 167,94,237,166,2 75,188,141,239,2 117,141,187,214,2 171,179,247,243,2 71,189,137,240,2 72,91,141,158,2 
../学習データ/調整データv2/品種/image/2_梨/3_豊水/26.hosui_nashi_image01.jpg 411,57,674,363,2 
../学習データ/調整データv2/品種/image/2_梨/3_豊水/42.jpg 705,266,912,430,2 80,344,362,589,2 257,1,692,410,2 
../学習データ/調整データv2/品種/image/2_梨/3_豊水/266.housui-3kt.jpg 328,348,430,425,2 104,462,255,598,2 171,490,454,630,2 18,267,96,349,2 166,295,284,388,2 2,424,55,547,2 
../学習データ/調整データv2/品種/image/2_梨/3_豊水/19.jpg 30,104,84,153,2 71,130,123,175,2 110,103,161,152,2 110,155,169,200,2 21,153,81,201,2 
../学習データ/調整データv2/品種/image/2_梨/3_豊水/124.imgrc0085610868.jpg 34,1,482,392,2 1,454,176,619,2 362,177,699,628,2 157,431,310,515,2 
../学習データ/調整データv2/品種/image/2_梨/3_豊水/22.jpg 1,10,59,91,2 134,12,210,96,2 57,15,138,90,2 4,56,102,153,2 101,59,189,149,2 
../学習データ/調整データv2/品種/image/2_梨/3_豊水/7.jpg 272,71,557,223,2 588,192,800,510,2 20,289,344,590,2 279,148,605,463,2 282,424,615,738,2 
../学習データ/調整データv2/品種/image/2_梨/3_豊水/56.jpg 35,22,194,178,2 
../学習データ/調整データv2/品種/image/2_梨/3_豊水/23.jpg 26,24,227,267,2 479,1,706,213,2 143,1,386,175,2 278,27,524,287,2 84,155,349,395,2 
../学習データ/調整データv2/品種/image/2_梨/3_豊水/5.jpg 161,1,363,120,2 1,15,254,250,2 
../学習データ/調整データv2/品種/image/2_梨/3_豊水/40.jpg 4,12,87,91,2 
../学習データ/調整データv2/品種/image/2_梨/3_豊水/39.jpg 32,19,86,62,2 42,39,108,94,2 135,20,178,50,2 171,19,222,47,2 155,32,213,79,2 56,70,139,128,2 134,66,206,130,2 108,38,163,86,2 88,22,132,54,2 1,39,39,86,2 72,7,113,37,2 116,7,153,30,2 
../学習データ/調整データv2/品種/image/2_梨/3_豊水/55.main_138321.jpg 266,151,598,457,2 
../学習データ/調整データv2/品種/image/2_梨/3_豊水/14.jpg 267,114,490,329,2 55,152,256,378,2 
../学習データ/調整データv2/品種/image/2_梨/3_豊水/115.housui828_02.jpg 255,119,467,372,2 374,16,627,335,2 5,97,225,342,2 67,238,283,440,2 
../学習データ/調整データv2/品種/image/2_梨/3_豊水/140.hosui.jpg 72,36,182,153,2 11,107,132,228,2 142,96,256,226,2 
../学習データ/調整データv2/品種/image/2_梨/3_豊水/119.t02200293_0800106713058576192.jpg 0,18,118,262,2 107,0,333,103,2 3,118,363,473,2 
../学習データ/調整データv2/品種/image/2_梨/3_豊水/54.jpg 28,24,203,214,2 
../学習データ/調整データv2/品種/image/2_梨/3_豊水/39.sc1-5219_pic05.jpg 598,276,661,344,5 177,48,235,107,3 358,76,429,149,2 129,74,189,147,3 545,72,612,143,0 494,56,550,116,0 630,250,698,317,5 312,54,372,121,2 
../学習データ/調整データv2/品種/image/2_梨/3_豊水/34.jpg 13,23,121,127,2 
../学習データ/調整データv2/品種/image/2_梨/3_豊水/153.09-housui2.jpg 144,2,315,119,2 0,19,215,258,2 
../学習データ/調整データv2/品種/image/2_梨/3_豊水/247.2019housui02.jpg 273,85,549,230,2 595,205,800,502,2 27,289,351,590,2 280,108,597,456,2 293,437,609,729,2 
../学習データ/調整データv2/品種/image/2_梨/3_豊水/43.jpg 5,59,81,119,2 132,12,243,109,2 
../学習データ/調整データv2/品種/image/2_梨/3_豊水/35.housui4.jpg 69,47,365,322,2 
../学習データ/調整データv2/品種/image/2_梨/3_豊水/143.housui_top01.jpg 520,16,865,331,2 769,163,1191,514,2 45,177,470,592,2 
../学習データ/調整データv2/品種/image/2_梨/3_豊水/28.jpg 132,28,276,153,2 
../学習データ/調整データv2/品種/image/2_梨/3_豊水/170.nashi-housui5.jpg 138,105,270,244,2 256,161,376,278,2 121,68,236,162,2 
../学習データ/調整データv2/品種/image/2_梨/3_豊水/133.title.jpg 46,40,124,109,2 
../学習データ/調整データv2/品種/image/2_梨/3_豊水/36.jpg 126,42,184,102,2 30,57,97,119,2 163,1,224,64,2 
../学習データ/調整データv2/品種/image/2_梨/5_愛宕梨/229.nashi-atago08(3072-2304).jpg 165,52,815,651,4 
../学習データ/調整データv2/品種/image/2_梨/5_愛宕梨/84.06301633_5774cb2c9562c.jpg 103,47,474,385,4 
../学習データ/調整データv2/品種/image/2_梨/5_愛宕梨/164.nashi-atago09(3072-2304).jpg 164,2,812,644,4 
../学習データ/調整データv2/品種/image/2_梨/5_愛宕梨/113.atago_big.jpg 87,701,527,1166,4 
../学習データ/調整データv2/品種/image/2_梨/5_愛宕梨/243.atago-02.jpg 486,257,678,371,4 382,195,551,351,4 425,597,659,755,4 633,128,827,297,4 602,439,829,664,4 75,632,192,770,4 
../学習データ/調整データv2/品種/image/2_梨/5_愛宕梨/135.nashi-atago04(2304-3072).jpg 53,125,704,785,4 
../学習データ/調整データv2/品種/image/2_梨/5_愛宕梨/174.mak_atago_2.jpg 262,53,533,225,4 162,12,352,137,4 41,121,320,242,4 2,31,186,208,4 378,98,700,250,4 
../学習データ/調整データv2/品種/image/2_梨/5_愛宕梨/22.sd1_1c61163d82f20912802c19d8f7ec95974600e5c2.jpg 325,115,437,218,4 83,47,300,245,4 
../学習データ/調整データv2/品種/image/2_梨/5_愛宕梨/32.2013-11-20+07.16.36.jpg 314,578,888,1013,4 
../学習データ/調整データv2/品種/image/2_梨/5_愛宕梨/128.o0960054014061483936.jpg 163,79,384,259,4 102,300,355,486,4 570,89,798,256,4 373,199,609,383,4 573,320,816,502,4 
../学習データ/調整データv2/品種/image/2_梨/5_愛宕梨/170.nashi-atago11(2304-3072).jpg 2,102,727,778,4 
../学習データ/調整データv2/品種/image/2_梨/5_愛宕梨/290.14%E5%B9%B411%E6%9C%8811%E6%97%A5%E3%82%B8%E3%83%A3%E3%83%B3%E3%83%9C%E3%83%8A%E3%82%B7sk4k.jpg 70,105,317,341,4 
../学習データ/調整データv2/品種/image/2_梨/5_愛宕梨/195.atagonashi02(960-800).jpg 95,94,778,737,4 
../学習データ/調整データv2/品種/image/2_梨/5_愛宕梨/98.nashi-atago05(2304-3072).jpg 0,131,742,761,4 
../学習データ/調整データv2/品種/image/2_梨/5_愛宕梨/154.nashi-atago07(2304-3456).jpg 51,49,594,578,4 
../学習データ/調整データv2/品種/image/2_梨/5_愛宕梨/192.5kg-5-9.jpg 239,51,365,212,4 29,40,167,212,4 36,180,195,336,4 216,195,377,350,4 126,50,286,235,4 
../学習データ/調整データv2/品種/image/2_梨/5_愛宕梨/63.34124cc8e32e7e8e7822c8d47cccdaf8.jpg 333,211,497,342,4 465,391,552,469,4 200,413,354,488,4 316,362,465,463,4 356,428,504,491,4 
../学習データ/調整データv2/品種/image/2_梨/5_愛宕梨/187.033-atago4kg09.jpg 98,0,312,198,4 
../学習データ/調整データv2/品種/image/2_梨/5_愛宕梨/121.20180313_ac83c1.jpg 139,120,315,290,4 317,106,431,236,4 
../学習データ/調整データv2/品種/image/2_梨/5_愛宕梨/138.atagonashi_2017.jpg 90,80,191,142,4 271,198,365,306,4 338,269,454,347,4 189,62,278,123,4 161,118,251,198,4 181,255,276,315,4 315,148,426,219,4 393,207,496,279,4 65,134,155,194,4 246,319,362,386,4 254,102,341,175,4 109,188,217,263,4 
../学習データ/調整データv2/品種/image/2_梨/5_愛宕梨/205.atago-02.jpg 488,259,675,375,4 376,192,557,355,4 423,598,660,754,4 625,128,828,294,4 589,441,837,652,4 75,632,192,770,4 
../学習データ/調整データv2/品種/image/2_梨/5_愛宕梨/172.atago_hannbai.jpg 138,18,328,177,4 293,10,512,191,4 
../学習データ/調整データv2/品種/image/2_梨/5_愛宕梨/169.151123_nashi_3.jpg 58,122,241,293,4 237,126,424,292,4 
../学習データ/調整データv2/品種/image/2_梨/5_愛宕梨/232.nashi-atago12(3072-2304).jpg 170,51,841,698,4 
../学習データ/調整データv2/品種/image/2_梨/5_愛宕梨/79.kiyoto_mv.jpg 576,1,760,117,4 589,181,638,229,4 
../学習データ/調整データv2/品種/image/2_梨/5_愛宕梨/23.maxresdefault.jpg 641,414,726,482,4 749,322,817,379,4 654,335,722,393,4 592,357,649,415,4 532,339,597,403,4 412,335,485,411,4 459,374,505,423,4 529,478,609,549,4 
../学習データ/調整データv2/品種/image/2_梨/5_愛宕梨/104.img_197843_1.jpg 164,410,370,609,4 
../学習データ/調整データv2/品種/image/2_梨/5_愛宕梨/111.atago_5k.jpg 48,43,93,80,4 102,43,146,79,4 98,116,140,148,4 32,115,88,149,4 77,79,123,113,4 48,43,93,80,4 32,115,88,149,4 77,79,123,113,4 102,43,146,79,4 98,116,140,148,4 
../学習データ/調整データv2/品種/image/2_梨/5_愛宕梨/99.09968_2016_1016_IMG_0422.jpg 141,0,279,134,4 
../学習データ/調整データv2/品種/image/2_梨/5_愛宕梨/29.AS20141114002877_comm.jpg 255,264,356,359,4 455,285,568,381,4 78,269,191,365,4 
../学習データ/調整データv2/品種/image/2_梨/5_愛宕梨/88.f23f31b3f4.jpg 159,267,303,405,4 295,158,422,278,4 
../学習データ/調整データv2/品種/image/2_梨/5_愛宕梨/161.nashi-atago01(3072-2304).jpg 166,2,838,649,4 
../学習データ/調整データv2/品種/image/2_梨/5_愛宕梨/262.atago_04.jpg 367,280,568,517,4 367,282,577,513,4 
../学習データ/調整データv2/品種/image/2_梨/5_愛宕梨/258.nashi-atago06(3072-2304).jpg 237,34,848,693,4 
../学習データ/調整データv2/品種/image/2_梨/5_愛宕梨/129.atago.jpg 0,11,114,121,4 
../学習データ/調整データv2/品種/image/2_梨/5_愛宕梨/45.910151d1.jpg 122,118,635,604,4 
../学習データ/調整データv2/品種/image/2_梨/5_愛宕梨/31.atago291023.jpg 237,18,299,75,4 18,1,86,64,4 264,135,300,217,4 249,71,300,137,4 1,157,68,217,4 62,27,127,88,4 163,15,238,73,4 174,140,262,212,4 167,78,250,134,4 6,71,74,135,4 51,115,128,177,4 
../学習データ/調整データv2/品種/image/2_梨/5_愛宕梨/159.3c6bdf43781a1eff64308a5003c5519e.jpg 161,82,246,136,4 162,10,236,66,4 81,11,159,66,4 60,139,152,219,4 76,72,158,131,4 165,149,256,220,4 
../学習データ/調整データv2/品種/image/2_梨/5_愛宕梨/34.97de4953f2f67ed18af33ac16afc3288.jpg 122,261,428,492,4 
../学習データ/調整データv2/品種/image/2_梨/5_愛宕梨/102.j-pear.jpg 7,21,319,299,4 
../学習データ/調整データv2/品種/image/2_梨/5_愛宕梨/289.1atago161107_015.jpg 893,436,1222,665,4 395,641,700,876,4 693,619,991,872,4 621,385,957,610,4 752,179,1005,408,4 413,437,647,662,4 462,252,705,443,4 472,60,697,256,4 685,83,882,249,4 996,253,1246,491,4 
../学習データ/調整データv2/品種/image/2_梨/5_愛宕梨/39.maxresdefault.jpg 778,370,908,498,4 936,420,1049,527,4 631,389,751,488,4 493,391,593,495,4 359,381,463,483,4 
../学習データ/調整データv2/品種/image/2_梨/5_愛宕梨/226.nashi-atago16(3456-2304).jpg 539,8,1000,479,4 35,44,596,667,4 
../学習データ/調整データv2/品種/image/2_梨/5_愛宕梨/95.atago3.jpg 13,106,343,417,4 
../学習データ/調整データv2/品種/image/2_梨/5_愛宕梨/4.atagonashi001.jpg 290,30,918,594,4 
../学習データ/調整データv2/品種/image/2_梨/5_愛宕梨/77.atago_2k.jpg 158,55,259,129,4 48,56,153,131,4 
../学習データ/調整データv2/品種/image/2_梨/5_愛宕梨/100.atago_05.jpg 186,541,272,632,4 364,457,464,563,4 
../学習データ/調整データv2/品種/image/2_梨/5_愛宕梨/168.nashi-atago13(3456-2304).jpg 41,91,495,598,4 493,114,943,591,4 41,91,495,598,4 
../学習データ/調整データv2/品種/image/2_梨/5_愛宕梨/125.74798.jpg 61,38,531,507,4 
../学習データ/調整データv2/品種/image/2_梨/5_愛宕梨/57.E6849BE5AE95E6A2A8.jpg 157,168,284,272,4 238,123,327,192,4 
../学習データ/調整データv2/品種/image/2_梨/5_愛宕梨/55.20013022672.jpg 124,118,500,474,4 
../学習データ/調整データv2/品種/image/2_梨/5_愛宕梨/284.atagoataff.jpg 220,161,270,213,4 420,27,478,92,4 126,24,171,69,4 1,156,51,207,4 
../学習データ/調整データv2/品種/image/2_梨/5_愛宕梨/96.atago_3k.jpg 209,90,291,161,4 153,79,221,149,4 79,21,146,78,4 30,65,95,121,4 72,109,143,171,4 
../学習データ/調整データv2/品種/image/2_梨/5_愛宕梨/7.DSC_0895-e1423682971902.jpg 1386,1768,2208,2471,4 28,1651,1008,2571,4 
../学習データ/調整データv2/品種/image/2_梨/5_愛宕梨/19.0000768301-001b.jpg 77,104,410,421,4 
../学習データ/調整データv2/品種/image/2_梨/5_愛宕梨/173.nashi-atago04(2304-3072).jpg 59,125,703,787,4 
../学習データ/調整データv2/品種/image/2_梨/5_愛宕梨/35.2018_atago.jpg 243,115,377,248,4 
../学習データ/調整データv2/品種/image/2_梨/5_愛宕梨/24.8b30e956.jpg 477,698,654,853,4 
../学習データ/調整データv2/品種/image/2_梨/5_愛宕梨/206.2019-10-31_11h29_01.jpg 9,46,258,284,4 301,135,396,246,4 
../学習データ/調整データv2/品種/image/2_梨/5_愛宕梨/270.atago_02.jpg 102,439,215,559,4 
../学習データ/調整データv2/品種/image/2_梨/5_愛宕梨/30.d51849ef.jpg 595,221,1068,666,4 
../学習データ/調整データv2/品種/image/2_梨/5_愛宕梨/142.hinsyu_atago.jpg 47,26,173,135,4 
../学習データ/調整データv2/品種/image/2_梨/5_愛宕梨/62.3912217.jpg 162,29,450,297,4 
../学習データ/調整データv2/品種/image/2_梨/5_愛宕梨/167.nashi-atago03(2304-3072).jpg 34,102,723,774,4 
../学習データ/調整データv2/品種/image/2_梨/5_愛宕梨/130.67074807.jpg 178,144,240,188,4 89,283,179,351,4 97,199,165,248,4 241,309,319,357,4 166,38,239,108,4 248,88,309,144,4 224,189,315,259,4 100,85,162,141,4 167,250,226,299,4 
../学習データ/調整データv2/品種/image/2_梨/5_愛宕梨/194.nashi-atago16(3456-2304).jpg 538,19,999,490,4 10,87,596,667,4 
../学習データ/調整データv2/品種/image/2_梨/5_愛宕梨/259.nashi-atago14(3456-2304).jpg 79,122,476,551,4 481,92,922,576,4 
../学習データ/調整データv2/品種/image/2_梨/5_愛宕梨/28.87-2.jpg 351,123,484,220,4 66,28,302,220,4 
../学習データ/調整データv2/品種/image/2_梨/5_愛宕梨/230.o0960054014061483940.jpg 190,83,409,278,4 67,316,322,495,4 378,82,850,503,4 
../学習データ/調整データv2/品種/image/2_梨/5_愛宕梨/49.f647883b1c2022e7916832eed934368a-1024x680.jpg 361,322,591,522,4 
../学習データ/調整データv2/品種/image/2_梨/5_愛宕梨/83.20171111081911.jpg 605,0,925,207,4 48,375,436,757,4 254,50,577,304,4 501,283,861,651,4 598,0,932,231,4 
../学習データ/調整データv2/品種/image/2_梨/5_愛宕梨/202.nashi-atago10(2304-3072).jpg 36,109,694,795,4 
../学習データ/調整データv2/品種/image/2_梨/5_愛宕梨/47.atagonashi.jpg 90,16,441,322,4 
../学習データ/調整データv2/品種/image/2_梨/5_愛宕梨/177.2013-11-20+16.22.44.jpg 604,216,991,536,4 108,206,495,507,4 351,431,736,719,4 619,629,1021,932,4 57,629,459,934,4 0,1132,423,1548,4 640,1135,1087,1542,4 337,876,755,1203,4 
../学習データ/調整データv2/品種/image/2_梨/5_愛宕梨/139.00904_2007_1123_IMG_7034.jpg 177,35,552,433,4 
../学習データ/調整データv2/品種/image/2_梨/5_愛宕梨/288.nashi-atago06(3072-2304).jpg 237,34,848,693,4 
../学習データ/調整データv2/品種/image/2_梨/5_愛宕梨/26.atago.jpg 15,80,258,341,4 
../学習データ/調整データv2/品種/image/2_梨/5_愛宕梨/12.atago.jpg 96,57,246,202,4 
../学習データ/調整データv2/品種/image/2_梨/5_愛宕梨/75.top1_atago.jpg 110,169,740,620,4 
../学習データ/調整データv2/品種/image/2_梨/5_愛宕梨/241.atago.jpg 11,96,242,350,4 246,71,488,327,4 
../学習データ/調整データv2/品種/image/2_梨/5_愛宕梨/131.f05a1c9092.jpg 66,417,255,583,4 243,156,355,291,4 
../学習データ/調整データv2/品種/image/2_梨/5_愛宕梨/81.66e30e917a97a8831ac558e902674ca2_t.jpg 62,67,255,269,4 260,71,462,278,4 
../学習データ/調整データv2/品種/image/2_梨/5_愛宕梨/171.nashi-atago10(2304-3072).jpg 37,128,750,762,4 34,115,707,827,4 
../学習データ/調整データv2/品種/image/2_梨/5_愛宕梨/272.3601-14120501.jpg 404,114,851,475,4 
../学習データ/調整データv2/品種/image/2_梨/5_愛宕梨/112.514deb6e.jpg 23,126,875,889,4 
../学習データ/調整データv2/品種/image/2_梨/5_愛宕梨/69.o0480036013784464972.jpg 330,66,467,171,4 184,67,307,166,4 337,203,480,333,4 173,201,308,331,4 29,62,156,154,4 1,203,144,320,4 
../学習データ/調整データv2/品種/image/2_梨/5_愛宕梨/298.bef7e607874adf046d44ea4b2289b618.jpg 1,46,84,146,4 45,1,125,86,4 
../学習データ/調整データv2/品種/image/2_梨/5_愛宕梨/264.atagonashi01(960-800).jpg 111,68,807,729,4 
../学習データ/調整データv2/品種/image/2_梨/5_愛宕梨/17.atago.jpg 26,11,380,359,4 
../学習データ/調整データv2/品種/image/2_梨/5_愛宕梨/145.atagotop5ksinmotu.jpg 292,107,740,587,4 
../学習データ/調整データv2/品種/image/2_梨/5_愛宕梨/61.0e3b705bb303947fb45b4da7b2db4ddf.jpg 54,32,221,206,4 141,190,240,341,4 6,189,136,332,4 
../学習データ/調整データv2/品種/image/2_梨/5_愛宕梨/70.atago01.jpg 117,174,179,226,4 227,95,303,159,4 329,64,413,134,4 117,174,179,226,4 
../学習データ/調整データv2/品種/image/2_梨/5_愛宕梨/11.1104atago_shukka.jpg 79,49,170,141,4 
../学習データ/調整データv2/品種/image/2_梨/5_愛宕梨/105.3d2d1066d301d067021ef6f4b68c67f6.jpg 436,222,633,469,4 438,82,633,220,4 242,85,434,222,4 75,88,234,214,4 0,253,204,432,4 199,252,431,461,4 
../学習データ/調整データv2/品種/image/2_梨/5_愛宕梨/115.wst1711190024-p1.jpg 434,51,586,207,4 124,98,302,258,4 19,164,110,237,4 
../学習データ/調整データv2/品種/image/2_梨/5_愛宕梨/36.7049.jpg 188,224,331,299,4 56,276,219,388,4 
../学習データ/調整データv2/品種/image/2_梨/5_愛宕梨/199.10011533_5d92f31d48870.jpg 18,29,241,228,4 
../学習データ/調整データv2/品種/image/2_梨/5_愛宕梨/82.01atago-top.jpg 141,241,415,499,4 
../学習データ/調整データv2/品種/image/2_梨/5_愛宕梨/132.nashi-atago15(3456-2304).jpg 48,36,506,539,4 505,89,981,555,4 
../学習データ/調整データv2/品種/image/2_梨/5_愛宕梨/237.atagonashi2.jpg 6,16,294,286,4 
../学習データ/調整データv2/品種/image/2_梨/5_愛宕梨/266.atagonashi2.jpg 6,16,294,286,4 
../学習データ/調整データv2/品種/image/2_梨/5_愛宕梨/71.IMGP4111155.jpg 63,0,281,200,4 
../学習データ/調整データv2/品種/image/2_梨/5_愛宕梨/291.mak_atago_15.jpg 190,82,253,146,4 
../学習データ/調整データv2/品種/image/2_梨/5_愛宕梨/178.20151109_454558.jpg 412,163,734,453,4 57,88,458,485,4 
../学習データ/調整データv2/品種/image/2_梨/5_愛宕梨/76.73526b126f875e34733a65c2d13ff5d2_t.jpg 90,56,260,226,4 266,54,447,220,4 
../学習データ/調整データv2/品種/image/2_梨/5_愛宕梨/74.04atago-harvest.jpg 221,252,388,384,4 
../学習データ/調整データv2/品種/image/2_梨/5_愛宕梨/149.033-atago4kg09.jpg 98,1,292,200,4 
../学習データ/調整データv2/品種/image/2_梨/5_愛宕梨/227.atagonashi01(960-800).jpg 111,68,807,729,4 
../学習データ/調整データv2/品種/image/2_梨/5_愛宕梨/144.5f13f09e695bd209ed25c9f077aee036.jpg 104,5,245,138,4 
../学習データ/調整データv2/品種/image/2_梨/5_愛宕梨/225.081215_0001.jpg 241,16,555,343,4 
../学習データ/調整データv2/品種/image/2_梨/5_愛宕梨/197.nashi-atago03(2304-3072).jpg 34,102,723,774,4 
../学習データ/調整データv2/品種/image/2_梨/5_愛宕梨/86.atago_price.jpg 11,99,320,426,4 
../学習データ/調整データv2/品種/image/2_梨/5_愛宕梨/64.7d04b72949fd8645c27c64e6018d9326.jpg 69,18,257,169,4 
../学習データ/調整データv2/品種/image/2_梨/5_愛宕梨/33.atagonashi_2016.jpg 139,271,335,365,4 44,177,194,289,4 182,175,363,287,4 220,96,370,189,4 340,154,500,259,4 
../学習データ/調整データv2/品種/image/2_梨/5_愛宕梨/209.2013-11-20+16.22.44.jpg 645,212,985,525,4 108,206,495,507,4 384,415,700,699,4 644,600,1018,957,4 61,619,443,952,4 1,1132,423,1548,4 640,1135,1087,1542,4 337,860,725,1240,4 
../学習データ/調整データv2/品種/image/2_梨/5_愛宕梨/13.img56350580.jpg 6,1,439,403,4 
../学習データ/調整データv2/品種/image/2_梨/5_愛宕梨/274.imgrc0072770438.jpg 289,148,419,246,4 88,147,207,239,4 
../学習データ/調整データv2/品種/image/2_梨/2_秋麗/4.jpg 556,570,690,659,1 446,626,582,717,1 676,609,777,690,1 548,654,697,765,1 407,712,586,802,1 231,11,770,602,1 341,667,472,763,1 
../学習データ/調整データv2/品種/image/2_梨/2_秋麗/133.syurei-nashi11_082902.jpg 205,174,319,279,1 311,185,447,279,1 86,0,209,87,1 212,0,335,89,1 149,78,258,180,1 267,88,380,184,1 333,4,451,92,1 18,83,147,171,1 379,102,497,201,1 85,179,205,280,1 
../学習データ/調整データv2/品種/image/2_梨/2_秋麗/32.jpg 39,47,185,182,1 
../学習データ/調整データv2/品種/image/2_梨/2_秋麗/136.syuureinasityuubako.jpg 317,10,483,134,1 281,145,480,273,1 0,192,161,346,1 474,169,653,307,1 266,281,481,445,1 101,80,287,243,1 83,343,294,467,1 
../学習データ/調整データv2/品種/image/2_梨/2_秋麗/164.a0254656_16270347.jpg 395,14,513,100,1 468,22,665,180,1 
../学習データ/調整データv2/品種/image/2_梨/2_秋麗/23.pear73_2d.jpg 99,235,219,339,1 379,209,485,299,1 2,50,397,203,1 122,378,255,489,1 20,314,150,424,1 22,197,133,284,1 305,3,640,316,1 172,180,264,258,1 194,293,310,391,1 302,168,398,247,1 342,273,454,364,1 255,224,355,311,1 293,351,413,449,1 443,318,559,423,1 475,250,585,342,1 420,150,518,226,1 
../学習データ/調整データv2/品種/image/2_梨/2_秋麗/25.jpg 76,69,186,167,1 46,22,145,115,1 
../学習データ/調整データv2/品種/image/2_梨/2_秋麗/27.d_pear73_00f.jpg 248,81,330,145,1 367,57,461,130,1 392,39,481,100,1 292,45,369,106,1 320,108,423,182,1 160,58,262,121,1 172,124,292,188,1 416,140,525,230,1 100,92,206,152,1 259,161,392,236,1 103,177,226,253,1 32,57,129,119,1 23,128,138,210,1 452,103,543,164,1 
../学習データ/調整データv2/品種/image/2_梨/2_秋麗/3.nashi-syurei08m.jpg 145,10,234,96,1 25,1,172,140,1 
../学習データ/調整データv2/品種/image/2_梨/2_秋麗/125.pear53_0.jpg 412,1,640,284,1 151,154,553,545,1 133,546,196,601,1 175,506,242,551,1 219,469,278,517,1 157,451,217,490,1 119,482,172,520,1 64,514,129,558,1 
../学習データ/調整データv2/品種/image/2_梨/2_秋麗/134.img69423521.jpg 158,0,231,51,1 48,7,127,56,1 178,76,264,138,1 183,148,267,199,1 113,40,189,98,1 53,84,138,150,1 80,148,170,200,1 
../学習データ/調整データv2/品種/image/2_梨/2_秋麗/99.170731-akr-03.jpg 335,82,572,319,1 
../学習データ/調整データv2/品種/image/2_梨/2_秋麗/104.20180818095541_p.jpg 224,24,689,338,1 0,114,299,578,1 836,0,1274,467,1 370,182,944,704,1 
../学習データ/調整データv2/品種/image/2_梨/2_秋麗/48.nashibanner.jpg 107,72,219,174,1 
../学習データ/調整データv2/品種/image/2_梨/2_秋麗/27.jpg 169,1,264,44,1 273,56,317,159,1 1,86,142,159,1 160,31,267,140,1 46,14,157,103,1 
../学習データ/調整データv2/品種/image/2_梨/2_秋麗/20.jpg 153,66,225,175,1 67,113,179,203,1 
../学習データ/調整データv2/品種/image/2_梨/2_秋麗/67.nashi_syurei_top2.jpg 361,23,956,581,1 
../学習データ/調整データv2/品種/image/2_梨/2_秋麗/278.CA3I0999.jpg 19,45,78,102,1 17,110,82,170,1 155,169,222,233,1 86,138,150,200,1 79,76,148,134,1 82,213,154,265,1 143,40,212,99,1 19,176,79,236,1 83,278,160,351,1 148,100,220,163,1 17,244,82,313,1 156,239,225,306,1 
../学習データ/調整データv2/品種/image/2_梨/2_秋麗/118.syurei-nashi01.jpg 268,19,390,124,1 26,20,162,123,1 30,136,171,235,1 261,136,396,248,1 161,72,279,176,1 
../学習データ/調整データv2/品種/image/2_梨/2_秋麗/137.nashi-syurei20190819_110831.jpg 58,0,211,103,1 157,94,314,217,1 325,114,463,229,1 257,1,406,116,1 427,14,550,123,1 410,220,567,336,1 229,215,380,338,1 38,198,192,322,1 
../学習データ/調整データv2/品種/image/2_梨/2_秋麗/38.jpg 287,245,473,423,1 1,390,128,562,1 69,428,324,732,1 228,78,330,196,1 102,171,263,251,1 443,72,545,146,1 386,380,590,577,1 356,109,466,183,1 427,544,600,795,1 1,235,104,323,1 429,176,552,258,1 396,30,468,72,1 350,67,432,111,1 115,47,196,95,1 106,95,214,146,1 
../学習データ/調整データv2/品種/image/2_梨/2_秋麗/33.jpg 74,69,159,153,1 
../学習データ/調整データv2/品種/image/2_梨/2_秋麗/54.A380_I3.jpg 136,1,267,52,1 194,40,319,216,1 22,41,180,200,1 
../学習データ/調整データv2/品種/image/2_梨/2_秋麗/31.jpg 1,119,100,220,1 97,121,194,220,1 10,46,87,121,1 101,47,181,121,1 
../学習データ/調整データv2/品種/image/2_梨/2_秋麗/15.jpg 1,21,101,106,1 137,172,218,225,1 
../学習データ/調整データv2/品種/image/2_梨/2_秋麗/88.92605693.jpg 76,197,132,234,1 132,213,210,257,1 111,150,172,187,1 235,175,301,224,1 169,165,228,208,1 
../学習データ/調整データv2/品種/image/2_梨/2_秋麗/35.jpg 1,446,243,602,1 1,15,169,274,1 125,1,353,128,1 157,187,443,534,1 323,47,454,236,1 
../学習データ/調整データv2/品種/image/2_梨/2_秋麗/16.jpg 157,86,237,175,1 61,88,140,173,1 108,11,202,98,1 
../学習データ/調整データv2/品種/image/2_梨/2_秋麗/9.jpg 226,51,259,133,1 0,98,79,150,1 75,0,158,45,1 151,3,238,95,1 70,43,171,142,1 0,0,86,90,1 156,105,258,193,1 
../学習データ/調整データv2/品種/image/2_梨/2_秋麗/263.pic_pear_01.jpg 144,262,324,417,1 364,218,462,311,1 
../学習データ/調整データv2/品種/image/2_梨/2_秋麗/31.syurei_t_02.jpg 626,182,700,563,1 454,84,680,355,1 0,155,188,329,1 
../学習データ/調整データv2/品種/image/2_梨/2_秋麗/35.kind.26.13.1.jpg 575,585,894,834,1 745,311,1035,589,1 207,593,568,866,1 912,567,1207,814,1 707,834,1081,1090,1 1042,808,1411,1075,1 1359,298,1705,563,1 1525,70,1849,321,1 1042,316,1379,570,1 1230,545,1521,814,1 1413,797,1696,1078,1 881,80,1228,325,1 1195,65,1534,308,1 409,855,740,1086,1 552,47,888,335,1 1531,539,1853,805,1 384,313,711,597,1 183,37,522,345,1 
../学習データ/調整データv2/品種/image/2_梨/2_秋麗/91.kind.26.10.1.jpg 133,1,578,356,1 1458,615,1826,928,1 1026,600,1417,914,1 1266,340,1622,621,1 1487,46,1846,354,1 415,298,786,651,1 161,571,560,934,1 650,1,1003,363,1 1051,39,1437,351,1 827,883,1211,1172,1 856,280,1197,678,1 372,871,796,1187,1 1653,882,2016,1184,1 1249,879,1616,1180,1 637,592,1004,934,1 1665,345,2056,670,1 
../学習データ/調整データv2/品種/image/2_梨/2_秋麗/8.jpg 292,112,380,181,1 148,151,223,216,1 193,128,260,191,1 109,80,175,142,1 38,137,132,208,1 
../学習データ/調整データv2/品種/image/2_梨/2_秋麗/1.jpg 95,133,201,229,1 16,108,102,197,1 113,43,201,147,1 
../学習データ/調整データv2/品種/image/2_梨/2_秋麗/171.syurei-nashi11_082902.jpg 205,174,319,279,1 311,185,447,279,1 86,1,209,87,1 212,1,335,89,1 149,78,258,180,1 267,88,380,184,1 333,4,451,92,1 18,83,147,171,1 379,102,497,201,1 85,179,205,280,1 
../学習データ/調整データv2/品種/image/2_梨/2_秋麗/30.jpg 121,5,253,151,1 
../学習データ/調整データv2/品種/image/2_梨/2_秋麗/11.jpg 120,21,238,143,1 
../学習データ/調整データv2/品種/image/2_梨/2_秋麗/97.kind.26.7.1.jpg 1074,518,1396,857,1 431,265,786,606,1 1069,37,1405,373,1 875,287,1191,633,1 1275,764,1615,1038,1 237,17,564,380,1 197,523,585,870,1 434,797,777,1030,1 1483,516,1827,853,1 667,516,981,869,1 842,783,1195,1035,1 657,29,994,388,1 1475,62,1811,379,1 1282,304,1606,608,1 
../学習データ/調整データv2/品種/image/2_梨/2_秋麗/24.d_pear53_01.jpg 544,1,721,196,1 305,33,621,286,1 
../学習データ/調整データv2/品種/image/2_梨/2_秋麗/40.nashi-shurei20190819_105526.jpg 302,1,407,69,1 95,70,206,177,1 297,193,413,281,1 1,128,103,235,1 1,6,109,115,1 87,190,202,281,1 295,74,406,181,1 390,23,500,121,1 198,17,305,121,1 392,136,500,238,1 190,134,306,237,1 101,1,210,66,1 
../学習データ/調整データv2/品種/image/2_梨/2_秋麗/108.a_pear53_m1b.jpg 585,596,735,692,1 456,710,639,813,1 679,511,813,590,1 537,457,663,540,1 421,531,561,623,1 302,618,449,714,1 
../学習データ/調整データv2/品種/image/2_梨/2_秋麗/46.syurei2.jpg 574,215,738,353,1 248,162,384,247,1 239,269,423,404,1 390,132,527,241,1 234,71,352,152,1 452,377,622,504,1 89,177,242,293,1 407,247,592,377,1 
../学習データ/調整データv2/品種/image/2_梨/2_秋麗/24.jpg 28,88,174,208,1 106,28,217,116,1 
../学習データ/調整データv2/品種/image/2_梨/2_秋麗/59.syureih1.jpg 403,150,540,264,1 197,53,336,170,1 257,137,404,250,1 292,240,478,368,1 101,134,250,245,1 
../学習データ/調整データv2/品種/image/2_梨/2_秋麗/112.d_pear53_phf.jpg 195,661,355,750,1 303,568,425,649,1 389,500,497,576,1 265,456,375,526,1 174,522,287,594,1 66,587,187,673,1 429,143,662,354,1 567,33,730,210,1 
../学習データ/調整データv2/品種/image/2_梨/2_秋麗/29.jpg 53,3,125,70,1 1,129,34,215,1 110,42,186,109,1 16,54,98,114,1 77,115,168,202,1 51,3,128,59,1 189,98,225,174,1 1,4,38,64,1 
../学習データ/調整データv2/品種/image/2_梨/2_秋麗/37.jpg 106,19,401,323,1 314,181,600,518,1 1,268,297,655,1 
../学習データ/調整データv2/品種/image/2_梨/2_秋麗/296.20180822_1.jpg 217,304,312,400,1 7,71,93,149,1 9,293,100,405,1 10,181,105,289,1 110,126,204,215,1 208,68,317,158,1 119,353,210,452,1 114,250,215,312,1 206,192,307,262,1 
../学習データ/調整データv2/品種/image/2_梨/2_秋麗/15.img67587365.jpg 872,352,1136,545,1 623,326,964,533,1 24,555,294,762,1 775,570,1053,785,1 389,313,674,540,1 788,94,1045,306,1 555,94,803,308,1 529,543,799,775,1 135,312,415,541,1 263,566,559,781,1 26,73,310,310,1 301,86,547,306,1 
../学習データ/調整データv2/品種/image/2_梨/2_秋麗/69.img-05b.jpg 303,377,378,457,1 99,347,221,471,1 106,37,199,110,1 261,180,364,267,1 97,198,225,297,1 271,29,358,123,1 
../学習データ/調整データv2/品種/image/2_梨/2_秋麗/256.1syurei0906c1.jpg 85,347,570,804,1 411,63,875,509,1 
../学習データ/調整データv2/品種/image/2_梨/2_秋麗/6.jpg 58,125,595,560,1 
../学習データ/調整データv2/品種/image/2_梨/2_秋麗/49.pvp-12cm-gv.jpg 94,111,281,281,1 
../学習データ/調整データv2/品種/image/2_梨/2_秋麗/5.170731-akr-04.jpg 58,125,595,560,1 
../学習データ/調整データv2/品種/image/2_梨/2_秋麗/18.jpg 28,1,206,187,1 
../学習データ/調整データv2/品種/image/2_梨/2_秋麗/26.jpg 35,61,111,125,1 116,71,191,128,1 114,137,202,217,1 17,127,101,210,1 129,1,197,62,1 53,1,120,52,1 
../学習データ/調整データv2/品種/image/2_梨/2_秋麗/21.jpg 21,49,85,95,1 143,113,210,176,1 74,78,140,137,1 80,21,143,78,1 65,140,146,218,1 
../学習データ/調整データv2/品種/image/2_梨/2_秋麗/2.jpg 136,1,257,114,1 18,36,158,173,1 
../学習データ/調整データv2/品種/image/2_梨/2_秋麗/103.170731-akr-06.jpg 362,133,638,408,1 
../学習データ/調整データv2/品種/image/2_梨/2_秋麗/3.jpg 144,4,235,98,1 25,1,172,140,1 
../学習データ/調整データv2/品種/image/2_梨/2_秋麗/199.d196a0bbbd3eea1603dd9b0b3408a06bd14a08b5.97.2.9.2.jpg 290,57,445,196,1 34,129,177,273,2 
../学習データ/調整データv2/品種/image/2_梨/2_秋麗/237.1syurei160818.jpg 420,1041,763,1397,1 790,285,908,407,1 
../学習データ/調整データv2/品種/image/2_梨/2_秋麗/13.jpg 1,56,73,118,1 137,69,251,173,1 80,18,154,79,1 149,1,220,44,1 234,38,275,105,1 27,138,134,183,1 
../学習データ/調整データv2/品種/image/2_梨/2_秋麗/12.jpg 159,23,293,139,1 
../学習データ/調整データv2/品種/image/2_梨/2_秋麗/130.syurei2k_c6.jpg 506,247,657,398,1 4,263,204,399,1 60,395,278,526,1 190,214,368,343,1 326,481,520,607,1 117,533,324,665,1 261,341,438,471,1 
../学習データ/調整データv2/品種/image/2_梨/2_秋麗/132.shurei.jpg 142,43,358,236,1 
../学習データ/調整データv2/品種/image/2_梨/2_秋麗/19.jpg 6,85,126,202,1 103,37,206,155,1 
../学習データ/調整データv2/品種/image/2_梨/2_秋麗/25.18006.2.jpg 7,258,235,417,1 345,389,595,555,1 346,256,564,385,1 539,320,744,447,1 167,317,397,454,1 213,212,388,300,1 
../学習データ/調整データv2/品種/image/2_梨/2_秋麗/22.jpg 77,60,210,154,1 1,33,81,100,1 104,18,193,55,1 195,37,247,119,1 
../学習データ/調整データv2/品種/image/2_梨/2_秋麗/7.jpg 362,133,638,408,1 
../学習データ/調整データv2/品種/image/2_梨/2_秋麗/12.0a1c6b589466da80ac4c4d2bb4eb717b.jpg 200,15,575,362,1 
../学習データ/調整データv2/品種/image/2_梨/2_秋麗/23.jpg 29,165,99,225,1 105,168,165,223,1 34,100,102,153,1 106,38,171,89,1 104,106,166,154,1 38,36,103,88,1 
../学習データ/調整データv2/品種/image/2_梨/2_秋麗/280.pear-aki8.jpg 202,128,281,197,1 181,67,273,127,1 96,79,188,142,1 97,141,200,221,1 221,201,336,291,1 286,121,384,203,1 97,17,183,79,1 13,79,98,151,1 
../学習データ/調整データv2/品種/image/2_梨/2_秋麗/11.syurei_c1_03.jpg 184,0,354,245,1 
../学習データ/調整データv2/品種/image/2_梨/2_秋麗/5.jpg 335,82,572,319,1 
../学習データ/調整データv2/品種/image/2_梨/2_秋麗/13.A380_I1.jpg 182,73,252,133,1 248,73,313,125,1 217,16,283,80,1 14,131,77,197,1 25,14,92,74,1 49,70,114,129,1 153,135,221,201,1 223,135,306,201,1 76,132,158,198,1 123,75,177,132,1 156,21,213,76,1 93,16,155,73,1 
../学習データ/調整データv2/品種/image/2_梨/2_秋麗/107.d_pear53_ph-d.jpg 529,31,730,206,1 422,145,662,353,1 202,635,312,715,1 277,565,375,630,1 249,480,331,545,1 183,527,267,590,1 102,581,197,649,1 
../学習データ/調整データv2/品種/image/2_梨/2_秋麗/39.jpg 500,202,635,322,1 74,242,211,379,1 27,205,121,290,1 496,490,639,608,1 491,355,647,469,1 344,197,492,328,1 340,485,492,617,1 338,357,500,475,1 
../学習データ/調整データv2/品種/image/2_梨/2_秋麗/14.syuurei.jpg 52,9,174,139,1 
../学習データ/調整データv2/品種/image/2_梨/2_秋麗/45.syureil1.jpg 325,219,498,375,1 283,90,455,228,1 123,127,287,258,1 
../学習データ/調整データv2/品種/image/2_梨/2_秋麗/37.2-4032.jpg 340,166,552,356,1 195,169,355,303,1 347,143,515,252,1 
../学習データ/調整データv2/品種/image/2_梨/2_秋麗/32.item.26.1.jpg 1439,360,1790,684,1 554,17,923,335,1 1260,23,1618,332,1 1085,362,1437,669,1 174,27,562,325,1 359,352,733,669,1 139,683,573,1011,1 746,357,1088,686,1 576,703,898,1025,1 934,703,1244,1011,1 1261,701,1620,1025,1 922,15,1246,350,1 
../学習データ/調整データv2/品種/image/2_梨/2_秋麗/14.jpg 151,23,224,124,1 56,38,181,141,1 
../学習データ/調整データv2/品種/image/2_梨/2_秋麗/70.shurei3.jpg 106,19,401,323,1 314,181,600,518,1 1,268,297,655,1 
../学習データ/調整データv2/品種/image/2_梨/2_秋麗/86.syurei_c.jpg 595,172,700,399,1 29,481,246,657,1 
../学習データ/調整データv2/品種/image/2_梨/2_秋麗/36.shurei1.jpg 0,0,265,288,1 286,4,600,290,1 
../学習データ/調整データv2/品種/image/2_梨/2_秋麗/34.main4_d_pear53_01b_578_578.jpg 395,54,571,325,1 129,83,450,349,1 
../学習データ/調整データv2/品種/image/2_梨/2_秋麗/18.main1_pear73_0_g_578_578.jpg 174,417,244,485,1 21,327,83,394,1 25,397,91,474,1 202,379,264,435,1 73,433,158,510,1 70,357,126,421,1 114,391,182,444,1 167,111,532,522,1 363,1,574,250,1 250,309,302,351,1 264,405,329,466,1 282,365,342,413,1 230,340,286,386,1 177,318,232,362,1 154,351,211,396,1 106,324,158,372,1 
../学習データ/調整データv2/品種/image/2_梨/2_秋麗/68.t02200165_0640048013412224405.jpg 167,13,198,48,1 63,10,99,43,1 116,45,157,78,1 4,78,49,112,1 173,116,220,157,1 117,10,151,44,1 66,75,100,111,1 64,117,104,155,1 117,80,156,112,1 119,115,160,156,1 4,116,45,156,1 8,38,52,77,1 64,42,103,74,1 20,10,58,42,1 169,45,210,81,1 174,78,214,114,1 
../学習データ/調整データv2/品種/image/2_梨/2_秋麗/284.1syurei0906c1.jpg 85,347,570,804,1 411,63,875,509,1 
../学習データ/調整データv2/品種/image/2_梨/2_秋麗/4.syurei_t_01.jpg 218,290,439,460,1 49,354,324,641,1 363,152,656,456,1 302,421,647,734,1 
../学習データ/調整データv2/品種/image/2_梨/2_秋麗/72.syuureinasi11.jpg 197,0,407,133,1 419,36,623,176,1 34,272,276,448,1 238,151,452,305,1 282,341,505,467,1 
../学習データ/調整データv2/品種/image/2_梨/2_秋麗/33.shurei2kg.jpg 163,1,241,47,1 88,19,171,85,1 1,63,81,130,1 17,147,152,200,1 254,43,300,102,1 148,77,275,187,1 
../学習データ/調整データv2/品種/image/2_梨/2_秋麗/28.jpg 84,71,146,142,1 13,21,87,83,1 112,22,178,77,1 139,131,194,207,1 70,194,147,255,1 
../学習データ/調整データv2/品種/image/2_梨/2_秋麗/17.170731-akr-01a2.jpg 549,574,683,663,1 446,626,582,717,1 544,673,687,747,1 410,719,589,809,1 231,11,770,602,1 674,610,775,691,1 355,673,471,762,1 
../学習データ/調整データv2/品種/image/2_梨/2_秋麗/232.d_pear73_phf.jpg 464,417,571,473,1 211,402,334,479,1 550,444,683,526,1 50,400,180,483,1 413,132,638,348,1 503,378,603,457,1 302,437,448,509,1 130,444,282,518,1 32,492,189,580,1 348,395,473,479,1 528,499,666,605,1 142,542,304,645,1 28,209,230,399,1 339,525,494,627,1 410,471,529,551,1 556,30,728,205,1 
../学習データ/調整データv2/品種/image/2_梨/2_秋麗/36.jpg 1,1,277,277,1 286,4,600,290,1 
../学習データ/調整データv2/品種/image/2_梨/6_新高梨/264.180911-nitk-500x500.jpg 341,147,437,230,5 231,84,317,144,5 137,126,237,191,5 322,92,420,160,5 35,163,147,246,5 126,247,264,347,5 37,233,155,327,5 235,201,360,286,5 234,131,337,204,5 144,181,240,252,5 
../学習データ/調整データv2/品種/image/2_梨/6_新高梨/4.jpg 65,125,170,228,5 278,205,380,312,5 0,207,88,306,5 120,198,238,310,5 200,130,319,230,5 
../学習データ/調整データv2/品種/image/2_梨/6_新高梨/191.img61603772.jpg 1,154,130,267,5 139,245,222,298,5 306,196,387,261,5 656,1,760,83,5 597,3,678,86,5 
../学習データ/調整データv2/品種/image/2_梨/6_新高梨/194.nashi01.jpg 351,262,430,345,5 159,141,230,202,5 237,163,311,224,5 167,213,236,265,5 323,189,394,253,5 255,234,323,304,5 
../学習データ/調整データv2/品種/image/2_梨/6_新高梨/216.nashi01.jpg 347,260,427,343,5 159,141,230,202,5 237,163,311,224,5 167,213,236,265,5 323,189,394,253,5 250,234,335,307,5 
../学習データ/調整データv2/品種/image/2_梨/6_新高梨/154.69501059_o1.jpg 295,75,550,356,5 23,77,294,347,5 
../学習データ/調整データv2/品種/image/2_梨/6_新高梨/1.niitaka_image51.jpg 39,19,207,184,5 
../学習データ/調整データv2/品種/image/2_梨/6_新高梨/157.ntkn-cttp18b.jpg 284,347,337,414,5 171,344,247,420,5 88,103,282,229,5 220,521,314,630,5 163,582,277,640,5 109,348,171,411,5 108,405,193,472,5 116,486,184,529,5 6,492,80,570,5 135,519,225,600,5 200,437,301,534,5 255,420,337,507,5 288,503,343,597,5 1,554,118,640,5 99,568,163,638,5 86,503,139,575,5 33,475,97,510,5 78,453,133,493,5 142,461,199,507,5 19,408,85,475,5 58,393,119,452,5 43,339,107,403,5 185,408,250,470,5 244,395,290,431,5 224,345,279,410,5 
../学習データ/調整データv2/品種/image/2_梨/6_新高梨/218.20.jpg 156,146,243,202,5 40,143,128,214,5 16,106,69,159,5 65,53,149,125,5 167,48,251,116,5 
../学習データ/調整データv2/品種/image/2_梨/6_新高梨/89.niitaka_nashi_image2.jpg 41,0,200,153,5 120,185,230,292,5 
../学習データ/調整データv2/品種/image/2_梨/6_新高梨/263.12771_1.jpg 255,12,383,92,5 110,42,275,147,5 374,40,525,140,5 105,134,269,262,5 376,120,531,234,5 251,157,410,285,5 255,74,385,161,5 
../学習データ/調整データv2/品種/image/2_梨/6_新高梨/33.niitaka_nashi_image1.jpg 207,1,407,131,5 386,1,690,147,5 3,2,264,247,5 
../学習データ/調整データv2/品種/image/2_梨/6_新高梨/113.niitakanashi_001.jpg 0,0,315,194,5 479,0,910,234,5 1003,0,1200,362,5 
../学習データ/調整データv2/品種/image/2_梨/6_新高梨/192.15513_1.jpg 15,239,178,388,5 108,203,243,328,5 
../学習データ/調整データv2/品種/image/2_梨/6_新高梨/21.niitaka_nashi_image01.jpg 378,1,675,192,5 1,1,263,233,5 211,1,406,149,5 
../学習データ/調整データv2/品種/image/2_梨/6_新高梨/222.341.jpg 147,171,269,270,5 221,69,325,161,5 
../学習データ/調整データv2/品種/image/2_梨/6_新高梨/164.niitaka_img.jpg 177,60,333,174,5 13,84,186,235,5 18,180,249,410,5 
../学習データ/調整データv2/品種/image/2_梨/6_新高梨/68.niitakanashi-600x400.jpg 147,30,441,357,5 
../学習データ/調整データv2/品種/image/2_梨/6_新高梨/71.shin-takanashi.jpg 317,148,590,417,5 122,121,365,393,5 
../学習データ/調整データv2/品種/image/2_梨/6_新高梨/114.A118_I3.jpg 234,209,315,247,5 72,4,168,100,5 
../学習データ/調整データv2/品種/image/2_梨/6_新高梨/16.106031286_o1.jpg 330,268,692,395,5 182,41,468,344,5 
../学習データ/調整データv2/品種/image/2_梨/6_新高梨/269.ed0758e1.jpg 3,306,660,938,5 
../学習データ/調整データv2/品種/image/2_梨/6_新高梨/87.22a26d5e8846bda7e2ec0cb3b2c9a20a.jpg 6,137,121,237,5 293,197,399,272,5 176,192,288,266,5 286,93,392,174,5 
../学習データ/調整データv2/品種/image/2_梨/6_新高梨/75.n-7.jpg 241,50,334,130,5 307,109,415,198,5 108,45,209,128,5 36,111,140,201,5 86,188,211,282,5 163,119,277,208,5 237,185,359,283,5 
../学習データ/調整データv2/品種/image/2_梨/6_新高梨/2.nashi01.jpg 10,0,307,292,5 
../学習データ/調整データv2/品種/image/2_梨/6_新高梨/173.na_hini_c2.jpg 586,167,695,279,5 
../学習データ/調整データv2/品種/image/2_梨/6_新高梨/54.nashi-nitaka1.jpg 15,4,282,303,5 
../学習データ/調整データv2/品種/image/2_梨/6_新高梨/76.nashi_image.jpg 430,27,586,136,5 
../学習データ/調整データv2/品種/image/2_梨/6_新高梨/86.2007nashi05-shin-d.jpg 431,461,503,480,5 393,399,468,465,5 302,375,379,444,5 249,421,314,477,5 341,49,416,116,5 321,302,381,334,5 286,90,345,123,5 239,51,297,98,5 393,312,438,335,5 456,322,500,349,5 
../学習データ/調整データv2/品種/image/2_梨/6_新高梨/203.niitaka-3thum.jpg 10,208,137,283,5 90,259,252,385,5 156,193,296,293,5 
../学習データ/調整データv2/品種/image/2_梨/6_新高梨/198.na_hini_c2.jpg 586,167,695,279,5 
../学習データ/調整データv2/品種/image/2_梨/6_新高梨/8.jpg 210,160,288,231,5 121,158,190,231,5 163,109,248,186,5 156,184,250,266,5 
../学習データ/調整データv2/品種/image/2_梨/6_新高梨/180.Fotolia_35008091_XS.jpg 13,8,154,118,5 293,6,424,152,5 
../学習データ/調整データv2/品種/image/2_梨/6_新高梨/92.autumnsnack03_nashi.jpg 32,108,183,272,5 199,134,363,307,5 
../学習データ/調整データv2/品種/image/2_梨/6_新高梨/292.nasi-041.jpg 17,1,260,145,5 260,1,480,151,5 
../学習データ/調整データv2/品種/image/2_梨/6_新高梨/36.niitaka_image41.jpg 167,25,250,96,5 68,18,153,72,5 142,85,246,165,5 16,60,118,155,5 0,0,58,55,5 
../学習データ/調整データv2/品種/image/2_梨/6_新高梨/94.nn2-250.jpg 132,129,231,234,5 31,127,126,226,5 
../学習データ/調整データv2/品種/image/2_梨/6_新高梨/242.niitaka-nashi-2017.jpg 208,119,394,294,5 
../学習データ/調整データv2/品種/image/2_梨/6_新高梨/1.jpg 14,26,260,275,5 258,12,490,248,5 
../学習データ/調整データv2/品種/image/2_梨/6_新高梨/209.2018niitaka07.jpg 75,91,589,525,5 
../学習データ/調整データv2/品種/image/2_梨/6_新高梨/118.ni2.jpg 102,335,646,899,5 447,100,901,500,5 777,276,1264,764,5 
../学習データ/調整データv2/品種/image/2_梨/6_新高梨/72.niitaka_nashi_2.jpg 64,53,319,292,5 
../学習データ/調整データv2/品種/image/2_梨/6_新高梨/265.pd_eee7932ff03add512eee8d4c870da223aeddcff0.jpg 2,3,91,81,5 100,2,203,66,5 245,6,361,81,5 282,93,388,187,5 49,54,158,132,5 157,40,272,116,5 
../学習データ/調整データv2/品種/image/2_梨/6_新高梨/183.niitaka-3thum.jpg 12,207,135,287,5 90,250,252,376,5 156,193,296,293,5 
../学習データ/調整データv2/品種/image/2_梨/6_新高梨/176.ntkn-cttp18b.jpg 284,347,337,414,5 176,360,252,436,5 88,103,282,229,5 220,521,314,630,5 163,582,262,640,5 109,348,171,411,5 108,405,193,472,5 116,476,197,529,5 6,492,80,570,5 135,519,225,600,5 200,434,304,533,5 261,419,336,506,5 294,501,344,598,5 1,553,121,640,5 98,565,161,638,5 85,502,141,569,5 33,473,100,509,5 80,453,131,495,5 141,458,203,506,5 21,408,83,481,5 58,393,117,454,5 42,342,107,402,5 222,347,279,404,5 160,341,201,361,5 
../学習データ/調整データv2/品種/image/2_梨/6_新高梨/18.26_main.jpg 20,22,240,239,5 
../学習データ/調整データv2/品種/image/2_梨/6_新高梨/204.nitaka_05.jpg 256,147,470,386,5 
../学習データ/調整データv2/品種/image/2_梨/6_新高梨/110.niitaka_til.jpg 37,34,508,459,5 
../学習データ/調整データv2/品種/image/2_梨/6_新高梨/90.niitaka-250-2.jpg 8,61,112,176,5 131,65,230,169,5 
../学習データ/調整データv2/品種/image/2_梨/6_新高梨/139.niitakanashi.jpg 526,113,640,325,5 460,42,629,170,5 247,33,432,191,5 358,118,534,275,5 
../学習データ/調整データv2/品種/image/2_梨/6_新高梨/178.nitaka350.jpg 226,85,319,163,5 41,88,126,160,5 133,87,220,160,5 
../学習データ/調整データv2/品種/image/2_梨/6_新高梨/20.niitaka.jpg 189,46,305,160,5 61,54,187,178,5 
../学習データ/調整データv2/品種/image/2_梨/6_新高梨/227.mainimg_item6.jpg 212,13,452,198,5 60,126,333,400,5 382,84,652,361,5 
../学習データ/調整データv2/品種/image/2_梨/6_新高梨/14.10-starsNitaka-yorisoi-02.jpg 15,19,372,363,5 
../学習データ/調整データv2/品種/image/2_梨/6_新高梨/247.nitaka_05.jpg 237,148,512,394,5 
../学習データ/調整データv2/品種/image/2_梨/6_新高梨/17.106031286.jpg 15,38,329,341,5 330,69,678,370,5 
../学習データ/調整データv2/品種/image/2_梨/6_新高梨/6.jpg 378,0,675,192,5 0,0,263,233,5 
../学習データ/調整データv2/品種/image/2_梨/6_新高梨/48.niitaka.jpg 72,100,145,173,5 187,12,279,96,5 31,31,109,107,5 127,101,179,156,5 
../学習データ/調整データv2/品種/image/2_梨/6_新高梨/59.niitakanashi_2018.jpg 180,148,270,223,5 211,85,290,155,5 244,195,338,282,5 212,282,318,342,5 328,167,431,254,5 152,229,239,306,5 430,85,509,157,5 97,170,182,254,5 275,131,344,197,5 364,54,431,111,5 351,110,427,172,5 292,77,358,132,5 304,25,369,75,5 
../学習データ/調整データv2/品種/image/2_梨/6_新高梨/144.niitaka_photo11.jpg 241,1,550,263,5 44,95,401,360,5 
../学習データ/調整データv2/品種/image/2_梨/6_新高梨/2.jpg 29,7,226,196,5 
../学習データ/調整データv2/品種/image/2_梨/6_新高梨/3.jpg 263,100,380,209,5 1,169,102,283,5 73,95,190,211,5 178,177,294,289,5 
../学習データ/調整データv2/品種/image/2_梨/6_新高梨/286.niitaka_b_1.jpg 105,64,143,100,5 68,99,114,142,5 115,124,176,184,5 153,85,199,118,5 181,49,221,82,5 135,27,174,65,5 
../学習データ/調整データv2/品種/image/2_梨/6_新高梨/96.A118_I1.jpg 251,118,320,182,5 2,119,76,178,5 19,20,92,87,5 125,26,197,91,5 177,73,257,140,5 60,68,141,133,5 114,122,204,185,5 226,25,301,103,5 
../学習データ/調整データv2/品種/image/2_梨/6_新高梨/278.niitaka-nashi-2017.jpg 211,117,397,296,5 
../学習データ/調整データv2/品種/image/2_梨/6_新高梨/138.04niinashiokisa.jpg 32,1,402,360,5 
../学習データ/調整データv2/品種/image/2_梨/6_新高梨/26.niitakanashi_kazitsu.jpg 6,8,192,189,5 
../学習データ/調整データv2/品種/image/2_梨/6_新高梨/29.sintakanasi1.jpg 9,13,379,381,5 
../学習データ/調整データv2/品種/image/2_梨/6_新高梨/11.arao-nashi-fukei3.jpg 2,165,51,258,5 26,1,138,68,5 38,98,164,210,5 199,142,320,292,5 35,164,166,298,5 262,59,316,114,5 192,23,280,80,5 240,103,320,157,5 129,59,183,98,5 139,92,185,140,5 15,43,142,153,5 177,72,262,118,5 166,97,260,200,5 161,202,226,282,5 129,11,193,64,5 
../学習データ/調整データv2/品種/image/2_梨/6_新高梨/299.n-niitaka03.jpg 91,24,166,90,5 64,84,139,159,5 37,55,89,88,5 174,17,328,158,5 37,55,89,88,5 
../学習データ/調整データv2/品種/image/2_梨/6_新高梨/40.nitaka03.jpg 517,33,650,131,5 541,109,693,238,5 447,29,549,105,5 575,29,684,108,5 
../学習データ/調整データv2/品種/image/2_梨/6_新高梨/122.nsset02-800.jpg 328,208,567,491,5 
../学習データ/調整データv2/品種/image/2_梨/6_新高梨/7.jpg 41,1,200,153,5 114,180,237,294,5 
../学習データ/調整データv2/品種/image/2_梨/6_新高梨/7.niitakanasi_b.jpg 115,49,497,429,5 
../学習データ/調整データv2/品種/image/2_梨/6_新高梨/30.A204_I2.jpg 264,56,320,168,5 1,130,107,240,5 170,142,309,240,5 84,58,204,170,5 10,1,118,72,5 175,1,287,77,5 
../学習データ/調整データv2/品種/image/2_梨/6_新高梨/12.img1-1450078694-695.jpg 15,0,265,243,5 
../学習データ/調整データv2/品種/image/2_梨/6_新高梨/290.01.jpg 303,43,533,221,5 
../学習データ/調整データv2/品種/image/2_梨/6_新高梨/5.jpg 10,0,307,292,5 
../学習データ/調整データv2/品種/image/2_梨/6_新高梨/77.niitaka_nashi_image3.jpg 162,0,239,91,5 162,0,239,91,5 77,1,188,53,5 
../学習データ/調整データv2/品種/image/2_梨/6_新高梨/181.hita-nashi-kesyo2.jpg 207,67,313,162,5 82,61,197,150,5 146,12,236,87,5 34,13,131,87,5 
../学習データ/調整データv2/品種/image/2_梨/6_新高梨/47.09191328_5d8303e43111f.jpg 9,32,347,291,5 288,96,538,271,5 
../学習データ/調整データv2/品種/image/2_梨/6_新高梨/112.026_niitakanasi.jpg 255,4,437,166,5 1,1,176,160,5 
../学習データ/調整データv2/品種/image/2_梨/6_新高梨/131.page_title_nitakanashi.jpg 1,113,91,269,5 92,32,383,213,5 554,1,743,173,5 318,73,673,264,5 51,177,350,269,5 
../学習データ/調整データv2/品種/image/2_梨/6_新高梨/249.niitakatakatuka.jpg 193,182,295,280,5 
../学習データ/調整データv2/品種/image/2_梨/6_新高梨/153.n-niitaka01.jpg 59,0,200,91,5 58,0,193,91,5 
../学習データ/調整データv2/品種/image/2_梨/6_新高梨/4.imge3e0f2fbzik4zj.jpg 109,28,387,335,5 
../学習データ/調整データv2/品種/image/2_梨/6_新高梨/3.2018niitaka03.jpg 65,4,754,664,5 
../学習データ/調整データv2/品種/image/2_梨/6_新高梨/252.niitaka6.jpg 0,0,369,266,5 
../学習データ/調整データv2/品種/image/2_梨/6_新高梨/60.A118_I2.jpg 65,30,140,81,5 7,62,82,131,5 175,25,244,86,5 117,64,191,138,5 222,56,316,135,5 172,108,265,172,5 49,108,141,172,5 
../学習データ/調整データv2/品種/image/2_梨/6_新高梨/230.niitakanashi2.5_2016.jpg 385,53,543,217,5 401,238,556,397,5 219,14,389,182,5 237,191,423,348,5 66,250,230,387,5 77,47,218,217,5 
../学習データ/調整データv2/品種/image/2_梨/6_新高梨/284.niitaka6.jpg 0,0,369,266,5 
../学習データ/調整データv2/品種/image/2_梨/6_新高梨/215.09-niitaka4.jpg 225,89,300,189,5 214,1,300,74,5 6,1,107,81,5 115,1,214,91,5 1,101,102,204,5 117,112,221,215,5 
../学習データ/調整データv2/品種/image/2_梨/6_新高梨/172.niigataniitaka5k.jpg 573,67,700,255,5 517,245,700,428,5 158,336,429,465,5 345,5,549,168,5 10,58,252,202,5 267,129,508,358,5 1,209,154,393,5 
../学習データ/調整データv2/品種/image/2_梨/6_新高梨/159.niitakanasi2.jpg 164,92,273,204,5 
../学習データ/調整データv2/品種/image/2_梨/6_新高梨/129.nitaka02.jpg 183,91,360,238,5 10,134,217,290,5 
../学習データ/調整データv2/品種/image/2_梨/6_新高梨/137.120021.jpg 9,169,496,525,5 
../学習データ/調整データv2/品種/image/2_梨/6_新高梨/41.c82d7e23b19c4d21f1000b3c5e7221e1.jpg 183,100,283,192,5 
../学習データ/調整データv2/品種/image/2_梨/4_幸水/7.kousuinashi_2018.jpg 367,120,544,279,3 234,208,419,362,3 50,71,289,292,3 
../学習データ/調整データv2/品種/image/2_梨/4_幸水/94.wns-001-1.jpg 257,70,595,392,3 1,113,243,380,3 
../学習データ/調整データv2/品種/image/2_梨/4_幸水/4.jpg 20,21,177,161,3 
../学習データ/調整データv2/品種/image/2_梨/4_幸水/72.k3.jpg 166,72,410,313,3 11,85,166,228,3 
../学習データ/調整データv2/品種/image/2_梨/4_幸水/32.jpg 53,6,135,82,3 
../学習データ/調整データv2/品種/image/2_梨/4_幸水/181.808kousui.jpg 205,52,290,129,3 64,61,149,159,3 
../学習データ/調整データv2/品種/image/2_梨/4_幸水/9.kousui.jpg 81,163,622,677,3 
../学習データ/調整データv2/品種/image/2_梨/4_幸水/25.jpg 328,1,469,125,3 354,105,500,257,3 23,97,180,250,3 1,216,114,334,3 30,2,183,133,3 180,1,330,135,3 275,216,427,334,3 185,111,346,257,3 107,221,267,334,3 
../学習データ/調整データv2/品種/image/2_梨/4_幸水/65.kousui-0112-2.jpg 88,122,240,278,3 155,41,378,269,3 2,149,90,298,3 
../学習データ/調整データv2/品種/image/2_梨/4_幸水/138.imgrc0065142664.jpg 26,300,244,458,3 533,239,740,397,3 298,272,528,450,3 
../学習データ/調整データv2/品種/image/2_梨/4_幸水/27.jpg 157,55,232,136,3 24,58,102,132,3 221,102,300,185,3 218,17,291,85,3 91,10,169,83,3 154,158,237,237,3 292,155,369,232,3 88,102,168,184,3 11,159,97,239,3 285,58,357,131,3 
../学習データ/調整データv2/品種/image/2_梨/4_幸水/20.jpg 1,152,65,224,3 58,137,120,203,3 1,129,41,170,3 116,169,162,216,3 159,111,205,160,3 116,117,162,167,3 205,168,250,217,3 203,114,250,167,3 158,161,207,209,3 
../学習データ/調整データv2/品種/image/2_梨/4_幸水/95.kousui-3k0709t.jpg 2,151,67,223,3 59,139,121,201,3 204,161,247,196,3 161,174,199,205,3 197,121,233,158,3 1,131,34,170,3 155,135,186,160,3 126,134,174,175,3 
../学習データ/調整データv2/品種/image/2_梨/4_幸水/288.pear_kousui.jpg 14,8,132,80,3 
../学習データ/調整データv2/品種/image/2_梨/4_幸水/270.0703kousui.jpg 27,39,151,149,3 
../学習データ/調整データv2/品種/image/2_梨/4_幸水/41.jpg 104,41,196,122,3 22,1,105,76,3 104,150,193,225,3 17,83,109,173,3 
../学習データ/調整データv2/品種/image/2_梨/4_幸水/38.sc1-5219_pic05.jpg 593,275,664,343,5 177,48,235,107,3 346,67,434,145,2 129,74,189,147,3 312,57,376,118,2 545,74,613,144,0 496,57,552,117,0 629,252,696,318,5 
../学習データ/調整データv2/品種/image/2_梨/4_幸水/58.pagetop800.jpg 449,26,754,315,3 139,1,394,210,3 
../学習データ/調整データv2/品種/image/2_梨/4_幸水/134.kousui10.jpg 464,49,705,235,3 225,55,468,221,3 14,75,232,247,3 
../学習データ/調整データv2/品種/image/2_梨/4_幸水/275.cc07b43090992f83f04f322a3d3f980d-1000x630.jpg 119,0,508,365,3 384,137,889,600,3 
../学習データ/調整データv2/品種/image/2_梨/4_幸水/118.sumanashi.jpg 166,186,342,349,3 9,263,92,325,3 1,67,97,207,3 47,294,169,403,3 
../学習データ/調整データv2/品種/image/2_梨/4_幸水/115.kosui-hosui.jpg 140,35,342,239,3 
../学習データ/調整データv2/品種/image/2_梨/4_幸水/33.jpg 19,51,132,166,3 109,1,235,123,3 114,99,234,182,3 
../学習データ/調整データv2/品種/image/2_梨/4_幸水/44.jpg 20,85,104,160,3 92,34,194,127,3 176,60,249,137,3 
../学習データ/調整データv2/品種/image/2_梨/4_幸水/31.jpg 116,9,215,64,3 3,15,116,134,3 92,38,243,190,3 
../学習データ/調整データv2/品種/image/2_梨/4_幸水/15.jpg 311,43,628,373,3 1,57,323,391,3 
../学習データ/調整データv2/品種/image/2_梨/4_幸水/238.imgrc0074673679.jpg 507,603,558,657,3 596,599,648,655,3 512,484,552,530,3 600,478,645,528,3 506,548,559,586,3 299,95,691,457,3 1,225,438,652,3 600,478,645,528,3 506,548,559,586,3 553,572,603,624,3 601,539,645,586,3 553,513,602,560,3 
../学習データ/調整データv2/品種/image/2_梨/4_幸水/53.kosu_til.jpg 20,27,395,419,3 311,258,613,479,3 
../学習データ/調整データv2/品種/image/2_梨/4_幸水/16.jpg 93,283,317,426,3 389,250,462,324,3 399,309,501,397,3 334,302,415,373,3 457,260,530,328,3 466,352,592,429,3 521,278,611,359,3 
../学習データ/調整データv2/品種/image/2_梨/4_幸水/211.11-14-kousui.jpg 186,169,270,230,3 84,70,235,198,3 
../学習データ/調整データv2/品種/image/2_梨/4_幸水/17.jpg 58,138,122,204,3 1,153,65,224,3 1,129,41,170,3 
../学習データ/調整データv2/品種/image/2_梨/4_幸水/20.kosui_nashi_01.jpg 1,0,142,180,3 348,21,594,199,3 0,118,232,348,3 141,29,344,186,3 
../学習データ/調整データv2/品種/image/2_梨/4_幸水/98.hqdefault.jpg 217,90,428,330,3 46,52,258,276,3 
../学習データ/調整データv2/品種/image/2_梨/4_幸水/176.hako-kousic.jpg 226,68,298,117,3 355,218,459,261,3 337,112,424,171,3 418,93,507,150,3 453,195,542,247,3 395,153,479,205,3 478,126,545,190,3 302,174,394,228,3 230,108,308,150,3 148,58,232,109,3 76,173,170,237,3 5,162,73,216,3 170,180,248,245,3 146,100,237,152,3 226,68,298,117,3 151,142,248,191,3 76,85,149,138,3 78,133,164,178,3 1,204,73,240,3 76,222,176,264,3 
../学習データ/調整データv2/品種/image/2_梨/4_幸水/133.053kosui.jpg 1177,178,1816,716,3 
../学習データ/調整データv2/品種/image/2_梨/4_幸水/106.07171845_5d2eee2e2d40e.jpg 350,197,612,445,3 488,61,735,275,3 87,94,343,372,3 
../学習データ/調整データv2/品種/image/2_梨/4_幸水/63.WS008124.jpg 461,191,587,302,0 144,155,266,243,3 375,163,480,268,0 67,200,183,311,3 
../学習データ/調整データv2/品種/image/2_梨/4_幸水/137.01kosui-top.jpg 86,70,299,315,3 261,136,465,342,3 299,27,515,260,3 
../学習データ/調整データv2/品種/image/2_梨/4_幸水/1.jpg 26,69,310,317,3 268,23,528,253,3 
../学習データ/調整データv2/品種/image/2_梨/4_幸水/125.kosui.jpg 17,15,341,336,3 
../学習データ/調整データv2/品種/image/2_梨/4_幸水/263.kosui_01s.jpg 342,152,448,273,3 168,153,333,328,3 29,29,203,230,3 
../学習データ/調整データv2/品種/image/2_梨/4_幸水/30.jpg 141,36,254,149,3 17,47,129,153,3 
../学習データ/調整データv2/品種/image/2_梨/4_幸水/5.kousui_image1.jpg 20,18,177,158,3 
../学習データ/調整データv2/品種/image/2_梨/4_幸水/32.top.jpg 305,46,548,264,3 
../学習データ/調整データv2/品種/image/2_梨/4_幸水/45.jpg 132,67,217,149,3 66,117,147,197,3 197,123,225,199,3 121,134,212,218,3 
../学習データ/調整データv2/品種/image/2_梨/4_幸水/269.kousui03.jpg 195,61,561,403,3 
../学習データ/調整データv2/品種/image/2_梨/4_幸水/24.jpg 273,52,431,205,3 145,7,301,100,3 323,196,475,334,3 57,198,218,334,3 195,240,375,334,3 70,117,153,227,3 
../学習データ/調整データv2/品種/image/2_梨/4_幸水/41.mainimg_item3.jpg 231,198,423,330,3 321,96,486,237,3 412,187,604,318,3 
../学習データ/調整データv2/品種/image/2_梨/4_幸水/29.jpg 90,31,201,136,3 
../学習データ/調整データv2/品種/image/2_梨/4_幸水/79.kousui_photo1.jpg 205,322,297,383,3 423,0,546,160,3 1,330,76,464,3 176,371,320,483,3 230,61,510,259,3 84,327,210,424,3 22,391,178,482,3 
../学習データ/調整データv2/品種/image/2_梨/4_幸水/277.img55535544.jpg 70,48,152,113,3 40,106,150,190,3 135,141,229,213,3 28,168,140,257,3 310,138,407,214,3 219,243,342,300,3 1,225,134,300,3 218,174,329,256,3 321,210,426,285,3 120,201,229,283,3 143,85,225,141,3 228,106,313,171,3 304,82,394,143,3 223,46,308,110,3 
../学習データ/調整データv2/品種/image/2_梨/4_幸水/109.20180706122145000000353.jpg 279,175,453,355,3 144,136,350,305,3 
../学習データ/調整データv2/品種/image/2_梨/4_幸水/26.DSC03242.jpg 116,47,408,303,3 
../学習データ/調整データv2/品種/image/2_梨/4_幸水/127.pd_kousui.jpg 305,80,350,213,3 1,71,56,164,3 173,36,279,121,3 60,1,167,71,3 58,67,167,147,3 173,115,298,206,3 39,144,165,231,3 
../学習データ/調整データv2/品種/image/2_梨/4_幸水/6.jpg 205,312,303,383,3 423,1,546,160,3 1,330,76,464,3 176,374,302,483,3 205,52,550,299,3 84,327,210,424,3 22,391,178,482,3 
../学習データ/調整データv2/品種/image/2_梨/4_幸水/31.kosui09.jpg 163,61,268,185,3 30,42,198,207,3 
../学習データ/調整データv2/品種/image/2_梨/4_幸水/18.jpg 1,153,65,225,3 57,141,123,204,3 148,104,191,146,3 192,105,235,144,3 219,138,250,176,3 123,139,170,179,3 173,135,213,180,3 1,131,34,170,3 147,175,192,219,3 195,173,245,219,3 
../学習データ/調整データv2/品種/image/2_梨/4_幸水/26.jpg 358,71,757,477,3 
../学習データ/調整データv2/品種/image/2_梨/4_幸水/21.jpg 1,1,141,180,3 344,14,590,192,3 1,118,245,370,3 138,28,341,185,3 
../学習データ/調整データv2/品種/image/2_梨/4_幸水/28.housui_image2.jpg 141,45,224,134,3 16,55,90,129,3 70,16,163,120,3 384,100,487,192,2 71,109,182,203,3 270,108,393,206,2 326,12,451,123,2 
../学習データ/調整データv2/品種/image/2_梨/4_幸水/2.jpg 157,1,250,133,3 1,19,213,188,3 
../学習データ/調整データv2/品種/image/2_梨/4_幸水/3.jpg 32,17,245,219,3 
../学習データ/調整データv2/品種/image/2_梨/4_幸水/112.S07-4.jpg 1,18,161,185,3 146,114,369,348,3 
../学習データ/調整データv2/品種/image/2_梨/4_幸水/13.jpg 35,6,115,82,3 
../学習データ/調整データv2/品種/image/2_梨/4_幸水/12.jpg 47,14,161,125,3 
../学習データ/調整データv2/品種/image/2_梨/4_幸水/296.0717kousui.jpg 27,35,151,149,3 
../学習データ/調整データv2/品種/image/2_梨/4_幸水/42.jpg 72,1,127,45,3 152,1,215,46,3 22,11,85,71,3 154,42,228,110,3 67,43,127,104,3 110,18,172,74,3 164,112,241,192,3 111,82,183,137,3 8,72,83,142,3 60,106,135,183,3 1,147,81,209,3 114,153,195,208,3 
../学習データ/調整データv2/品種/image/2_梨/4_幸水/273.imgrc0074673679.jpg 555,570,604,626,3 599,601,648,651,3 512,484,552,530,3 600,478,645,528,3 506,548,559,586,3 299,95,691,457,3 25,249,377,656,3 600,542,645,592,3 550,508,605,562,3 509,605,562,651,3 
../学習データ/調整データv2/品種/image/2_梨/4_幸水/19.jpg 2,151,67,223,3 59,139,121,201,3 161,174,199,205,3 192,123,228,160,3 1,131,34,170,3 202,157,249,199,3 126,133,180,185,3 
../学習データ/調整データv2/品種/image/2_梨/4_幸水/22.jpg 74,1,189,95,3 210,58,300,187,3 186,21,296,89,3 83,53,209,158,3 
../学習データ/調整データv2/品種/image/2_梨/4_幸水/7.jpg 329,127,800,543,3 
../学習データ/調整データv2/品種/image/2_梨/4_幸水/23.jpg 51,180,119,230,3 1,249,71,318,3 160,183,235,242,3 43,9,194,152,3 126,161,190,202,3 100,198,167,249,3 24,210,82,253,3 
../学習データ/調整データv2/品種/image/2_梨/4_幸水/170.11-14-kousui.jpg 186,169,270,230,3 84,70,235,198,3 
../学習データ/調整データv2/品種/image/2_梨/4_幸水/5.jpg 1,1,69,108,3 1,40,184,171,3 
../学習データ/調整データv2/品種/image/2_梨/4_幸水/206.01kosuiki.jpg 204,53,405,237,3 379,55,590,271,3 1,1,90,99,3 
../学習データ/調整データv2/品種/image/2_梨/4_幸水/244.kousui03.jpg 195,61,561,403,3 
../学習データ/調整データv2/品種/image/2_梨/4_幸水/39.jpg 33,14,133,89,3 197,48,275,182,3 1,45,69,172,3 70,48,198,178,3 142,23,242,98,3 
../学習データ/調整データv2/品種/image/2_梨/4_幸水/237.614gO%2BHSeAL._SL500_AC_SS350_.jpg 1,142,164,302,3 116,51,323,241,3 
../学習データ/調整データv2/品種/image/2_梨/4_幸水/249.0813kousui.jpg 139,0,179,42,3 21,36,155,162,3 
../学習データ/調整データv2/品種/image/2_梨/4_幸水/14.jpg 1,257,169,418,3 1,332,284,640,3 235,264,519,558,3 
../学習データ/調整データv2/品種/image/2_梨/4_幸水/56.kousui_01.jpg 266,91,425,237,3 256,225,438,404,3 31,255,189,393,3 419,31,609,208,3 
../学習データ/調整データv2/品種/image/2_梨/4_幸水/120.kousui2kg_01.jpg 447,130,648,281,3 256,108,420,181,3 87,60,251,187,3 236,54,394,114,3 297,214,511,293,3 
../学習データ/調整データv2/品種/image/2_梨/4_幸水/10.jpg 117,249,320,435,3 488,486,736,692,3 494,256,705,457,3 74,464,304,694,3 273,364,510,569,3 
../学習データ/調整データv2/品種/image/2_梨/4_幸水/34.jpg 93,153,158,198,3 176,107,225,165,3 1,112,51,171,3 151,161,215,207,3 104,108,180,167,3 60,67,123,117,3 35,107,105,170,3 
../学習データ/調整データv2/品種/image/2_梨/4_幸水/281.top_item3_kou.jpg 471,32,688,186,3 479,47,694,192,3 
../学習データ/調整データv2/品種/image/2_梨/4_幸水/43.jpg 37,15,112,92,3 107,1,175,63,3 150,28,225,103,3 69,48,156,133,3 1,70,83,170,3 19,137,134,225,3 116,100,222,205,3 
../学習データ/調整データv2/品種/image/2_梨/4_幸水/93.kosui-img01.jpg 177,2,450,150,3 328,95,551,185,3 
../学習データ/調整データv2/品種/image/2_梨/4_幸水/265.nashi.jpg 613,515,805,699,3 338,323,689,713,3 0,14,392,457,3 
../学習データ/調整データv2/品種/image/2_梨/4_幸水/28.jpg 89,23,199,152,3 267,57,400,184,3 1,137,143,288,3 28,248,233,329,3 212,175,397,332,3 118,87,280,249,3 
../学習データ/調整データv2/品種/image/2_梨/4_幸水/295.kousui.jpg 191,12,250,88,3 4,7,80,61,3 0,139,105,248,3 140,157,250,249,3 43,21,217,184,3 
../学習データ/調整データv2/品種/image/2_梨/4_幸水/80.kosui_nashi_image02.jpg 58,180,117,216,3 1,247,75,307,3 149,183,235,242,3 43,9,191,145,3 130,162,187,207,3 27,208,84,251,3 102,198,167,248,3 
../学習データ/調整データv2/品種/image/2_梨/4_幸水/268.0813kousui.jpg 139,0,179,42,3 21,36,155,162,3 
../学習データ/調整データv2/品種/image/2_梨/4_幸水/110.0820kousui.jpg 137,5,178,97,3 12,12,162,153,3 
../学習データ/調整データv2/品種/image/2_梨/1_二十世紀/4.jpg 1,22,83,121,0 2,144,97,297,0 104,102,300,294,0 44,60,199,199,0 227,57,300,176,0 2,144,97,297,0 50,1,172,73,0 149,4,286,101,0 
../学習データ/調整データv2/品種/image/2_梨/1_二十世紀/115.nijyusseiki.jpg 109,131,597,645,0 
../学習データ/調整データv2/品種/image/2_梨/1_二十世紀/275.nijisseiki31_omakase_5kg.jpg 121,121,381,384,0 283,89,483,313,0 
../学習データ/調整データv2/品種/image/2_梨/1_二十世紀/32.jpg 170,33,252,105,0 65,59,188,174,0 1,37,91,106,0 
../学習データ/調整データv2/品種/image/2_梨/1_二十世紀/132.img_6039-1.jpg 1,1,419,398,0 
../学習データ/調整データv2/品種/image/2_梨/1_二十世紀/25.jpg 47,123,117,184,0 119,140,183,189,0 110,40,170,89,0 40,31,102,89,0 110,40,170,89,0 4,77,74,146,0 171,63,225,133,0 180,124,225,181,0 103,87,172,149,0 
../学習データ/調整データv2/品種/image/2_梨/1_二十世紀/30.031-20seki10kg-w02.jpg 93,344,177,407,0 581,358,656,461,0 79,464,187,545,0 525,414,614,486,0 473,450,558,556,0 176,477,286,579,0 240,305,325,379,0 320,337,402,401,0 382,300,453,357,0 458,307,525,377,0 484,351,567,427,0 398,332,475,411,0 87,395,182,465,0 306,290,384,351,0 343,375,423,451,0 428,390,510,470,0 167,362,257,416,0 261,424,356,507,0 358,439,463,533,0 177,418,270,485,0 253,368,342,435,0 282,489,392,616,0 400,515,512,631,0 106,308,178,347,0 177,321,249,362,0 168,286,238,322,0 237,290,314,322,0 531,318,611,366,0 
../学習データ/調整データv2/品種/image/2_梨/1_二十世紀/119.nijusseiki270.jpg 46,72,172,211,0 
../学習データ/調整データv2/品種/image/2_梨/1_二十世紀/203.IMG_047211.jpg 70,43,182,141,0 
../学習データ/調整データv2/品種/image/2_梨/1_二十世紀/51.jpg 131,54,219,142,0 
../学習データ/調整データv2/品種/image/2_梨/1_二十世紀/147.img_01.jpg 128,26,341,230,0 440,74,638,240,0 
../学習データ/調整データv2/品種/image/2_梨/1_二十世紀/245.a14032c31661bae6caeba175552f70e9d00ef008.jpg 146,145,384,384,0 
../学習データ/調整データv2/品種/image/2_梨/1_二十世紀/10.031-20seki10kg-w09.jpg 21,268,212,456,0 450,263,637,455,0 233,269,423,451,0 
../学習データ/調整データv2/品種/image/2_梨/1_二十世紀/27.jpg 59,11,154,85,0 94,45,216,173,0 
../学習データ/調整データv2/品種/image/2_梨/1_二十世紀/20.jpg 22,85,140,181,0 72,1,173,90,0 136,74,241,176,0 
../学習データ/調整データv2/品種/image/2_梨/1_二十世紀/72.70726f647563742f64616973656e5f6672756974732f6e617368692f32305f3030322e6a706700363030000074006669745f686569676874.jpg 288,171,532,411,0 34,190,290,424,0 
../学習データ/調整データv2/品種/image/2_梨/1_二十世紀/69.20c-sam3-y5k.jpg 24,15,274,271,0 
../学習データ/調整データv2/品種/image/2_梨/1_二十世紀/175.img_01.jpg 105,19,352,195,0 440,74,638,240,0 
../学習データ/調整データv2/品種/image/2_梨/1_二十世紀/41.jpg 81,25,203,148,0 
../学習データ/調整データv2/品種/image/2_梨/1_二十世紀/98.20150804_6e0b31.jpg 256,90,405,219,0 402,86,531,193,0 346,127,498,273,0 
../学習データ/調整データv2/品種/image/2_梨/1_二十世紀/8.IP200728TAN000083000_02.jpg 116,247,173,303,0 62,256,116,300,0 179,255,226,302,0 224,250,269,293,0 267,245,306,289,0 310,243,350,289,0 349,239,392,285,0 68,243,102,259,0 115,246,148,264,0 163,241,195,264,0 201,237,232,255,0 240,237,274,249,0 276,233,311,247,0 307,226,335,240,0 
../学習データ/調整データv2/品種/image/2_梨/1_二十世紀/29.031-20seki10kg-w07.jpg 10,207,219,392,0 437,210,657,398,0 216,216,437,389,0 
../学習データ/調整データv2/品種/image/2_梨/1_二十世紀/206.maxresdefault.jpg 118,30,704,490,0 
../学習データ/調整データv2/品種/image/2_梨/1_二十世紀/38.jpg 132,95,199,161,0 62,26,120,84,0 25,75,90,126,0 57,128,126,201,0 143,29,199,82,0 97,59,162,122,0 
../学習データ/調整データv2/品種/image/2_梨/1_二十世紀/58.31Vkbw46u%2BL.__AC_QL70_ML2_.jpg 1,21,83,148,0 2,144,97,297,0 104,108,299,286,0 49,60,194,199,0 111,102,300,292,0 233,57,300,190,0 1,8,84,185,0 2,144,97,297,0 50,1,172,73,0 160,3,273,145,0 
../学習データ/調整データv2/品種/image/2_梨/1_二十世紀/33.jpg 36,96,169,229,0 
../学習データ/調整データv2/品種/image/2_梨/1_二十世紀/44.jpg 53,39,152,146,0 
../学習データ/調整データv2/品種/image/2_梨/1_二十世紀/31.jpg 92,56,217,176,0 1,45,102,158,0 
../学習データ/調整データv2/品種/image/2_梨/1_二十世紀/35.jpg 41,28,108,81,0 100,52,193,105,0 1,78,126,194,0 158,29,229,70,0 223,68,259,125,0 
../学習データ/調整データv2/品種/image/2_梨/1_二十世紀/16.jpg 44,3,149,99,0 118,41,209,128,0 41,93,136,169,0 
../学習データ/調整データv2/品種/image/2_梨/1_二十世紀/299.imgrc0077464930.jpg 1,286,408,685,0 436,153,760,515,0 1,286,408,685,0 
../学習データ/調整データv2/品種/image/2_梨/1_二十世紀/9.jpg 290,128,489,312,0 463,14,686,220,0 60,133,284,350,0 
../学習データ/調整データv2/品種/image/2_梨/1_二十世紀/55.jpg 32,6,100,71,0 128,23,203,88,0 
../学習データ/調整データv2/品種/image/2_梨/1_二十世紀/52.jpg 144,56,186,93,0 151,149,202,189,0 95,55,139,92,0 68,104,123,142,0 44,53,87,97,0 18,99,64,146,0 122,101,168,143,0 170,98,210,140,0 99,149,149,194,0 52,150,99,195,0 
../学習データ/調整データv2/品種/image/2_梨/1_二十世紀/236.IMG_047211.jpg 70,43,182,141,0 
../学習データ/調整データv2/品種/image/2_梨/1_二十世紀/77.20-3-9.jpg 279,47,400,306,0 130,19,326,205,0 1,150,252,400,0 
../学習データ/調整データv2/品種/image/2_梨/1_二十世紀/19.031-20seki10kg-w11.jpg 364,255,415,325,0 427,326,480,386,0 102,323,154,387,0 179,258,223,328,0 502,200,555,263,0 558,203,621,261,0 233,200,295,263,0 26,263,95,317,0 425,259,485,320,0 101,259,159,321,0 501,259,552,324,0 78,539,169,627,0 445,611,540,703,0 523,463,615,551,0 462,782,586,900,0 485,535,579,622,0 552,586,648,718,0 334,780,462,907,0 187,535,266,627,0 523,463,615,551,0 338,461,421,552,0 1,784,73,912,0 462,782,586,900,0 379,534,470,620,0 113,609,215,699,0 67,773,217,914,0 334,780,462,907,0 210,779,329,907,0 485,535,579,622,0 40,694,148,796,0 552,586,648,718,0 266,703,384,803,0 338,605,432,702,0 232,606,323,702,0 395,704,500,801,0 158,698,263,798,0 508,685,628,804,0 448,611,535,705,0 589,778,660,909,0 2,605,108,709,0 285,536,376,619,0 430,468,524,549,0 238,476,332,542,0 139,472,239,542,0 46,473,134,562,0 503,331,565,389,0 575,331,633,387,0 568,267,622,323,0 438,200,492,256,0 367,200,425,257,0 349,325,415,382,0 243,264,300,320,0 247,328,310,387,0 175,326,235,387,0 178,196,229,257,0 110,204,162,255,0 39,199,100,257,0 26,330,88,381,0 
../学習データ/調整データv2/品種/image/2_梨/1_二十世紀/176.e82268df1ccd4cf6317a9e27428de41e.jpg 45,134,266,345,0 
../学習データ/調整データv2/品種/image/2_梨/1_二十世紀/1.jpg 87,48,153,102,0 50,89,121,132,0 111,75,193,132,0 209,51,270,102,0 178,9,234,60,0 120,10,179,57,0 59,9,122,64,0 144,48,212,99,0 22,48,90,97,0 180,87,244,133,0 
../学習データ/調整データv2/品種/image/2_梨/1_二十世紀/64.WS008129-263x300.jpg 39,71,130,152,0 39,71,130,152,0 113,92,209,194,0 
../学習データ/調整データv2/品種/image/2_梨/1_二十世紀/5.70726f647563742f64616973656e5f6672756974732f6e617368692f32316e61736869326c313074616d612e706e6700363030000074006669745f686569676874.jpg 157,83,388,288,0 338,221,549,423,0 16,192,203,411,0 140,298,379,529,0 
../学習データ/調整データv2/品種/image/2_梨/1_二十世紀/49.jpg 79,38,177,137,0 
../学習データ/調整データv2/品種/image/2_梨/1_二十世紀/30.jpg 54,52,186,170,0 
../学習データ/調整データv2/品種/image/2_梨/1_二十世紀/11.jpg 21,91,131,198,0 201,70,301,171,0 124,119,242,233,0 77,13,192,136,0 
../学習データ/調整データv2/品種/image/2_梨/1_二十世紀/45.jpg 70,22,151,95,0 151,29,205,96,0 120,170,177,222,0 158,161,202,207,0 38,7,101,74,0 113,7,180,43,0 
../学習データ/調整データv2/品種/image/2_梨/1_二十世紀/24.jpg 101,44,168,88,0 8,53,80,98,0 74,100,145,177,0 1,111,64,187,0 162,92,225,172,0 176,34,225,74,0 
../学習データ/調整データv2/品種/image/2_梨/1_二十世紀/29.jpg 83,79,164,155,0 14,100,109,190,0 
../学習データ/調整データv2/品種/image/2_梨/1_二十世紀/37.jpg 1,32,178,212,0 
../学習データ/調整データv2/品種/image/2_梨/1_二十世紀/153.00938_2008_0923_IMG_0470.jpg 169,11,558,450,0 
../学習データ/調整データv2/品種/image/2_梨/1_二十世紀/48.jpg 55,28,124,97,0 159,83,233,157,0 
../学習データ/調整データv2/品種/image/2_梨/1_二十世紀/53.jpg 145,38,175,61,0 165,60,198,87,0 188,86,226,113,0 104,39,137,65,0 118,58,154,84,0 137,81,176,112,0 157,107,195,133,0 106,110,145,141,0 89,84,126,111,0 72,58,104,81,0 
../学習データ/調整データv2/品種/image/2_梨/1_二十世紀/68.nijyusseiki.jpg 109,131,597,645,0 
../学習データ/調整データv2/品種/image/2_梨/1_二十世紀/47.jpg 1,72,49,135,0 
../学習データ/調整データv2/品種/image/2_梨/1_二十世紀/6.jpg 5,9,95,104,0 81,66,157,144,0 
../学習データ/調整データv2/品種/image/2_梨/1_二十世紀/36.01_Nijisseiki%20Pear_m.jpg 167,196,453,464,0 600,272,858,467,0 
../学習データ/調整データv2/品種/image/2_梨/1_二十世紀/26.jpg 64,1,150,39,0 191,16,255,118,0 153,1,241,40,0 1,1,79,113,0 86,16,191,117,0 1,70,116,197,0 120,88,255,194,0 
../学習データ/調整データv2/品種/image/2_梨/1_二十世紀/61.20A703550_1.jpg 900,698,975,767,0 870,758,939,845,0 798,705,889,778,0 870,758,939,845,0 753,769,848,839,0 809,836,912,896,0 913,824,1029,904,0 
../学習データ/調整データv2/品種/image/2_梨/1_二十世紀/2.jpg 239,66,300,149,0 226,28,291,82,0 58,13,132,66,0 142,20,218,78,0 158,41,250,103,0 141,95,239,181,0 
../学習データ/調整データv2/品種/image/2_梨/1_二十世紀/133.104F-012s1.jpg 425,138,587,257,0 525,213,670,351,0 352,245,516,355,0 362,59,496,164,0 293,140,424,268,0 501,55,638,154,0 444,331,642,470,0 
../学習データ/調整データv2/品種/image/2_梨/1_二十世紀/3.jpg 260,59,300,122,0 131,44,207,116,0 68,25,143,93,0 188,80,274,139,0 194,7,275,80,0 
../学習データ/調整データv2/品種/image/2_梨/1_二十世紀/20.031-20seki10kg-w10.jpg 307,453,502,634,0 9,181,342,472,0 
../学習データ/調整データv2/品種/image/2_梨/1_二十世紀/300.photo1_320.jpg 106,176,181,239,0 68,140,134,194,0 
../学習データ/調整データv2/品種/image/2_梨/1_二十世紀/13.jpg 291,89,374,179,0 352,145,449,246,0 387,94,482,183,0 343,145,474,246,0 348,69,412,130,0 266,68,313,121,0 
../学習データ/調整データv2/品種/image/2_梨/1_二十世紀/12.jpg 76,288,179,372,0 14,241,84,301,0 76,288,179,372,0 95,351,241,461,0 68,267,163,327,0 31,222,95,252,0 
../学習データ/調整データv2/品種/image/2_梨/1_二十世紀/42.jpg 1,1,37,61,0 40,1,129,54,0 134,1,228,57,0 231,1,275,74,0 
../学習データ/調整データv2/品種/image/2_梨/1_二十世紀/273.main_138724.jpg 292,149,590,469,0 
../学習データ/調整データv2/品種/image/2_梨/1_二十世紀/22.031-20seki10kg-w04.jpg 1,699,153,834,0 457,579,585,710,0 426,755,616,934,0 344,633,485,811,0 265,571,399,691,0 183,719,371,896,0 546,653,660,822,0 95,568,218,668,0 130,643,275,751,0 130,643,275,751,0 269,862,497,962,0 3,822,207,962,0 1,599,106,710,0 
../学習データ/調整データv2/品種/image/2_梨/1_二十世紀/19.jpg 143,38,229,125,0 
../学習データ/調整データv2/品種/image/2_梨/1_二十世紀/274.nashi-cyokubai08.jpg 179,36,215,65,0 72,108,142,157,0 131,92,204,148,0 46,23,89,62,0 84,7,113,36,0 157,1,195,43,0 36,65,103,120,0 72,108,142,157,0 115,7,156,46,0 98,37,164,105,0 197,7,236,44,0 155,39,179,66,0 40,2,88,27,0 16,3,45,37,0 24,33,49,63,0 
../学習データ/調整データv2/品種/image/2_梨/1_二十世紀/56.jpg 81,5,122,35,0 205,65,248,105,0 69,100,113,129,0 111,116,153,164,0 161,45,204,77,0 137,81,178,117,0 179,105,225,148,0 29,74,75,105,0 96,59,137,89,0 121,16,161,58,0 154,145,203,188,0 59,34,98,73,0 
../学習データ/調整データv2/品種/image/2_梨/1_二十世紀/23.jpg 117,187,193,225,0 1,52,55,100,0 149,145,225,214,0 1,127,51,203,0 144,99,210,151,0 94,14,144,67,0 46,158,119,225,0 54,42,114,101,0 22,87,88,146,0 85,108,148,175,0 112,47,176,107,0 146,21,199,70,0 28,19,80,58,0 
../学習データ/調整データv2/品種/image/2_梨/1_二十世紀/43.71fb666f1f9c256fcc1195e92118e728.jpg 1,303,79,389,5 539,143,602,199,0 150,134,205,189,2 39,136,87,190,3 
../学習データ/調整データv2/品種/image/2_梨/1_二十世紀/5.jpg 1,358,181,500,0 22,246,173,342,0 218,236,350,335,0 298,281,415,420,0 121,274,274,389,0 178,312,388,495,0 
../学習データ/調整データv2/品種/image/2_梨/1_二十世紀/280.Ppk3IFt6Qya._UX780_TTW_.jpg 80,204,320,374,0 212,269,527,431,0 570,243,780,470,0 370,335,691,484,0 0,299,209,450,0 
../学習データ/調整データv2/品種/image/2_梨/1_二十世紀/40.jpg 66,62,114,114,0 
../学習データ/調整データv2/品種/image/2_梨/1_二十世紀/39.jpg 145,3,225,114,0 3,8,114,111,0 74,93,187,202,0 
../学習データ/調整データv2/品種/image/2_梨/1_二十世紀/28.20akanashimix_syouhinichiran.jpg 1,984,318,1309,2 169,706,454,932,1 2,394,177,552,0 312,1040,660,1350,3 
../学習データ/調整データv2/品種/image/2_梨/1_二十世紀/14.jpg 135,67,222,143,0 1,27,91,117,0 261,68,299,139,0 
../学習データ/調整データv2/品種/image/2_梨/1_二十世紀/117.20_7522.jpg 73,141,196,264,0 12,87,109,198,0 181,98,285,206,0 89,26,200,137,0 
../学習データ/調整データv2/品種/image/2_梨/1_二十世紀/10.jpg 13,72,89,202,0 72,132,204,264,0 192,192,340,290,0 196,83,328,193,0 79,25,196,130,0 
../学習データ/調整データv2/品種/image/2_梨/1_二十世紀/54.jpg 6,1,133,57,0 177,78,300,166,0 18,55,156,167,0 145,1,274,97,0 
../学習データ/調整データv2/品種/image/2_梨/1_二十世紀/137.00bbf50b444d244cd624d9d7156bfe19c54b2a0c.71.2.9.2.jpg 256,780,775,1200,0 
../学習データ/調整データv2/品種/image/2_梨/1_二十世紀/34.jpg 1,74,49,144,0 168,68,222,149,0 120,9,199,89,0 15,131,94,207,0 19,14,95,85,0 73,71,145,152,0 117,129,190,210,0 1,74,49,144,0 
../学習データ/調整データv2/品種/image/2_梨/1_二十世紀/237.WS008129.jpg 59,106,199,233,0 172,139,317,295,0 
../学習データ/調整データv2/品種/image/2_梨/1_二十世紀/25.imgrc0084220500.jpg 272,200,546,546,0 214,11,488,289,0 
../学習データ/調整データv2/品種/image/2_梨/1_二十世紀/43.jpg 136,12,237,101,0 39,37,137,135,0 98,66,204,169,0 
../学習データ/調整データv2/品種/image/2_梨/1_二十世紀/73.60ef5695c9917208e408216a966258cc.jpg 487,429,816,655,0 262,403,533,607,0 340,514,634,739,0 
../学習データ/調整データv2/品種/image/2_梨/1_二十世紀/1.2020nashi-omote-scaled.jpg 1464,335,1918,766,0 1770,681,2080,988,0 
../学習データ/調整データv2/品種/image/2_梨/1_二十世紀/36.jpg 129,63,171,101,0 41,61,77,100,0 59,98,99,136,0 85,63,120,100,0 30,130,82,176,0 103,99,144,134,0 150,99,189,134,0 124,132,176,175,0 83,136,119,169,0 
