../学習データ/水増しデータ/調整データ/通常/品種/image/5_ブドウ/1_デラウェア/11.dera-hp1.jpg 238,1,460,314,0 
../学習データ/水増しデータ/調整データ/通常/品種/image/5_ブドウ/1_デラウェア/4.jpg 38,47,411,947,0 733,79,1213,971,0 390,17,799,987,0 1130,263,1548,1200,0 10,907,1046,1200,0 
../学習データ/水増しデータ/調整データ/通常/品種/image/5_ブドウ/1_デラウェア/203.20190905-budo-dera-syu-03.jpg 81,996,299,1448,0 278,1024,538,1580,0 571,694,738,954,0 
../学習データ/水増しデータ/調整データ/通常/品種/image/5_ブドウ/1_デラウェア/32.jpg 5,137,187,270,0 1,37,187,164,0 1,6,183,103,0 
../学習データ/水増しデータ/調整データ/通常/品種/image/5_ブドウ/1_デラウェア/25.jpg 23,12,647,329,0 
../学習データ/水増しデータ/調整データ/通常/品種/image/5_ブドウ/1_デラウェア/51.jpg 50,300,572,758,0 489,0,950,1080,0 
../学習データ/水増しデータ/調整データ/通常/品種/image/5_ブドウ/1_デラウェア/55.デラウェア.jpg 1,49,800,751,0 
../学習データ/水増しデータ/調整データ/通常/品種/image/5_ブドウ/1_デラウェア/99.Delaware.jpg 4,113,110,350,0 103,0,262,350,0 254,0,462,350,0 
../学習データ/水増しデータ/調整データ/通常/品種/image/5_ブドウ/1_デラウェア/27.jpg 123,64,183,211,0 47,37,124,193,0 
../学習データ/水増しデータ/調整データ/通常/品種/image/5_ブドウ/1_デラウェア/108.derawea-4-1.jpg 468,75,730,255,0 157,28,344,257,0 212,329,527,756,0 484,224,730,807,0 64,229,436,628,0 324,8,477,268,0 476,15,620,173,0 
../学習データ/水増しデータ/調整データ/通常/品種/image/5_ブドウ/1_デラウェア/20.jpg 356,25,443,172,0 64,0,341,360,0 
../学習データ/水増しデータ/調整データ/通常/品種/image/5_ブドウ/1_デラウェア/93.IMG_0558-scaled.jpg 329,1026,590,1242,0 601,1054,873,1226,0 898,815,1140,1073,0 604,876,865,1042,0 357,806,598,1020,0 118,806,323,1064,0 157,676,345,876,0 365,651,598,834,0 651,642,865,859,0 904,595,1137,820,0 701,515,890,717,0 479,504,679,737,0 265,515,457,742,0 
../学習データ/水増しデータ/調整データ/通常/品種/image/5_ブドウ/1_デラウェア/41.jpg 9,34,208,154,0 
../学習データ/水増しデータ/調整データ/通常/品種/image/5_ブドウ/1_デラウェア/14.imgrc0062782873.jpg 430,136,620,472,0 145,416,304,670,0 153,79,350,342,0 562,418,712,657,0 203,202,366,461,0 387,389,558,640,0 
../学習データ/水増しデータ/調整データ/通常/品種/image/5_ブドウ/1_デラウェア/8.DLW_01S-575x380.jpg 198,98,527,342,0 34,147,372,351,0 
../学習データ/水増しデータ/調整データ/通常/品種/image/5_ブドウ/1_デラウェア/1.02303063_l1.jpg 96,12,633,529,0 
../学習データ/水増しデータ/調整データ/通常/品種/image/5_ブドウ/1_デラウェア/10.DSC_0035.jpg 516,37,711,328,0 191,88,321,337,0 125,259,188,403,0 462,331,548,513,0 307,333,407,515,0 474,165,594,380,0 35,5,169,268,0 370,249,459,455,0 100,390,138,482,0 197,314,286,437,0 
../学習データ/水増しデータ/調整データ/通常/品種/image/5_ブドウ/1_デラウェア/33.jpg 5,1,292,166,0 
../学習データ/水増しデータ/調整データ/通常/品種/image/5_ブドウ/1_デラウェア/44.jpg 4,0,30,48,0 74,3,145,132,0 127,0,201,153,0 
../学習データ/水増しデータ/調整データ/通常/品種/image/5_ブドウ/1_デラウェア/31.jpg 119,15,187,216,0 41,1,112,208,0 
../学習データ/水増しデータ/調整データ/通常/品種/image/5_ブドウ/1_デラウェア/15.jpg 121,248,586,538,0 248,105,814,381,0 575,321,972,597,0 547,4,1021,359,0 
../学習データ/水増しデータ/調整データ/通常/品種/image/5_ブドウ/1_デラウェア/35.jpg 54,1,179,225,0 
../学習データ/水増しデータ/調整データ/通常/品種/image/5_ブドウ/1_デラウェア/16.jpg 117,314,458,750,0 2,1,221,330,0 837,82,1000,488,0 288,213,633,688,0 772,124,902,396,0 512,179,822,628,0 
../学習データ/水増しデータ/調整データ/通常/品種/image/5_ブドウ/1_デラウェア/9.jpg 96,12,633,529,0 
../学習データ/水増しデータ/調整データ/通常/品種/image/5_ブドウ/1_デラウェア/31.img10431514193.jpg 47,62,477,479,0 325,180,568,458,0 366,76,640,257,0 
../学習データ/水増しデータ/調整データ/通常/品種/image/5_ブドウ/1_デラウェア/55.jpg 445,208,869,1106,0 
../学習データ/水増しデータ/調整データ/通常/品種/image/5_ブドウ/1_デラウェア/17.jpg 188,207,528,939,0 
../学習データ/水増しデータ/調整データ/通常/品種/image/5_ブドウ/1_デラウェア/253.10000106-8.jpg 255,1,593,603,0 528,1,760,636,0 1,9,295,588,0 8,552,752,760,0 
../学習データ/水増しデータ/調整データ/通常/品種/image/5_ブドウ/1_デラウェア/52.jpg 1,158,424,412,0 
../学習データ/水増しデータ/調整データ/通常/品種/image/5_ブドウ/1_デラウェア/58.jpg 137,100,668,1324,0 2506,390,3516,1259,0 844,0,1458,1440,0 1621,0,2461,2101,0 
../学習データ/水増しデータ/調整データ/通常/品種/image/5_ブドウ/1_デラウェア/8.jpg 46,22,435,424,0 189,94,682,524,0 
../学習データ/水増しデータ/調整データ/通常/品種/image/5_ブドウ/1_デラウェア/5.delawear-280x300.jpg 68,0,219,300,0 
../学習データ/水増しデータ/調整データ/通常/品種/image/5_ブドウ/1_デラウェア/228.budou_derauea.jpg 77,11,425,598,0 
../学習データ/水増しデータ/調整データ/通常/品種/image/5_ブドウ/1_デラウェア/27.delaware_2013.jpg 72,5,290,471,0 
../学習データ/水増しデータ/調整データ/通常/品種/image/5_ブドウ/1_デラウェア/57.jpg 272,427,638,1161,0 1780,540,2067,1378,0 1331,123,1926,1271,0 677,207,1180,1221,0 
../学習データ/水増しデータ/調整データ/通常/品種/image/5_ブドウ/1_デラウェア/1.jpg 174,357,929,784,0 80,129,680,491,0 698,102,1243,705,0 
../学習データ/水増しデータ/調整データ/通常/品種/image/5_ブドウ/1_デラウェア/13.dera0065026722.jpg 1,205,344,592,0 194,210,514,657,0 417,198,760,659,0 
../学習データ/水増しデータ/調整データ/通常/品種/image/5_ブドウ/1_デラウェア/50.jpg 136,522,631,1594,0 1011,145,1586,1540,0 621,780,1009,1523,0 2097,44,2633,1463,0 1506,258,2101,1610,0 
../学習データ/水増しデータ/調整データ/通常/品種/image/5_ブドウ/1_デラウェア/33.deraw--770x513.jpg 253,42,566,467,0 
../学習データ/水増しデータ/調整データ/通常/品種/image/5_ブドウ/1_デラウェア/62.4766_1.jpg 1,68,300,378,0 
../学習データ/水増しデータ/調整データ/通常/品種/image/5_ブドウ/1_デラウェア/166.6235a26d87ab2eab13b1ef43f52a9593-300x207.jpg 1,1,300,199,0 
../学習データ/水増しデータ/調整データ/通常/品種/image/5_ブドウ/1_デラウェア/46.jpg 147,6,754,279,0 395,397,1135,785,0 457,67,983,583,0 167,278,454,519,0 
../学習データ/水増しデータ/調整データ/通常/品種/image/5_ブドウ/1_デラウェア/49.jpg 1,70,636,756,0 165,296,800,1017,0 
../学習データ/水増しデータ/調整データ/通常/品種/image/5_ブドウ/1_デラウェア/28.dera10.jpg 1,40,292,271,0 156,57,448,310,0 
../学習データ/水増しデータ/調整データ/通常/品種/image/5_ブドウ/1_デラウェア/30.jpg 144,29,219,153,0 55,40,121,185,0 
../学習データ/水増しデータ/調整データ/通常/品種/image/5_ブドウ/1_デラウェア/11.jpg 11,58,933,735,0 313,2,1024,402,0 
../学習データ/水増しデータ/調整データ/通常/品種/image/5_ブドウ/1_デラウェア/45.jpg 1182,441,1783,1580,0 
../学習データ/水増しデータ/調整データ/通常/品種/image/5_ブドウ/1_デラウェア/24.jpg 45,2,629,1219,0 
../学習データ/水増しデータ/調整データ/通常/品種/image/5_ブドウ/1_デラウェア/12.sd1_db9a591a37c7854146166dd5cde4952ba2c5b6c7.jpg 138,72,462,215,0 216,163,503,310,0 
../学習データ/水増しデータ/調整データ/通常/品種/image/5_ブドウ/1_デラウェア/29.jpg 158,72,232,183,0 44,6,180,98,0 
../学習データ/水増しデータ/調整データ/通常/品種/image/5_ブドウ/1_デラウェア/37.jpg 2,62,259,192,0 42,11,259,89,0 
../学習データ/水増しデータ/調整データ/通常/品種/image/5_ブドウ/1_デラウェア/48.jpg 360,467,1445,1076,0 944,1141,1778,1628,0 1352,863,2430,1628,0 1582,670,2512,1467,0 1875,326,2367,856,0 989,237,1878,763,0 189,37,1082,493,0 1200,4,2023,326,0 
../学習データ/水増しデータ/調整データ/通常/品種/image/5_ブドウ/1_デラウェア/6.deraulea.jpg 12,1,299,719,0 452,1,724,661,0 
../学習データ/水増しデータ/調整データ/通常/品種/image/5_ブドウ/1_デラウェア/53.jpg 371,17,591,164,0 60,12,422,212,0 408,441,741,554,0 113,648,424,1004,0 285,791,581,1064,0 544,723,694,1003,0 391,645,578,783,0 148,379,432,561,0 3,83,183,438,0 159,215,440,407,0 554,307,748,473,0 433,288,573,438,0 563,163,758,340,0 442,161,563,286,0 
../学習データ/水増しデータ/調整データ/通常/品種/image/5_ブドウ/1_デラウェア/269.budou_derauea.jpg 83,15,425,600,0 
../学習データ/水増しデータ/調整データ/通常/品種/image/5_ブドウ/1_デラウェア/6.jpg 55,20,365,234,0 
../学習データ/水増しデータ/調整データ/通常/品種/image/5_ブドウ/1_デラウェア/18.jpg 306,50,437,489,0 850,306,897,467,0 409,22,581,567,0 692,101,831,425,0 52,30,236,549,0 599,357,650,483,0 660,393,717,502,0 797,354,854,478,0 
../学習データ/水増しデータ/調整データ/通常/品種/image/5_ブドウ/1_デラウェア/26.jpg 535,488,755,797,0 218,39,479,510,0 
../学習データ/水増しデータ/調整データ/通常/品種/image/5_ブドウ/1_デラウェア/43.DSC_0002.jpg 1153,2148,2142,2768,0 2119,2048,2743,2628,0 1186,2581,2243,3000,0 2109,2468,2899,2921,0 2729,2171,3443,2638,0 3393,2134,4069,2648,0 3786,2311,4496,3000,0 3026,2604,3823,3000,0 1693,1494,2026,1711,0 1249,1531,1683,1754,0 2056,1428,2369,1691,0 2393,1434,2703,1631,0 
../学習データ/水増しデータ/調整データ/通常/品種/image/5_ブドウ/1_デラウェア/42.imgrc0069489560.jpg 133,0,639,800,0 
../学習データ/水増しデータ/調整データ/通常/品種/image/5_ブドウ/1_デラウェア/21.jpg 89,322,1331,1200,0 543,1,1403,682,0 
../学習データ/水増しデータ/調整データ/通常/品種/image/5_ブドウ/1_デラウェア/271.heguriburando_derawhea_3-thumb-650x390-1035.jpg 2,86,34,217,0 41,20,169,288,0 598,226,643,338,0 268,21,399,286,0 397,76,566,390,0 137,155,263,373,0 
../学習データ/水増しデータ/調整データ/通常/品種/image/5_ブドウ/1_デラウェア/22.dera0608082.jpg 40,72,71,182,0 1,30,37,193,0 55,15,138,178,0 
../学習データ/水増しデータ/調整データ/通常/品種/image/5_ブドウ/1_デラウェア/2.jpg 62,401,463,480,0 61,130,518,442,0 212,59,536,273,0 
../学習データ/水増しデータ/調整データ/通常/品種/image/5_ブドウ/1_デラウェア/3.jpg 118,284,1025,784,0 235,47,1125,461,0 
../学習データ/水増しデータ/調整データ/通常/品種/image/5_ブドウ/1_デラウェア/38.Delaware14m.jpg 12,6,130,238,0 
../学習データ/水増しデータ/調整データ/通常/品種/image/5_ブドウ/1_デラウェア/13.jpg 163,278,728,886,0 
../学習データ/水増しデータ/調整データ/通常/品種/image/5_ブドウ/1_デラウェア/12.jpg 149,49,840,989,0 
../学習データ/水増しデータ/調整データ/通常/品種/image/5_ブドウ/1_デラウェア/138.180724-dera-b500x500.jpg 239,197,477,363,0 155,54,373,176,0 43,1,347,143,0 12,126,222,262,0 243,155,458,269,0 
../学習データ/水増しデータ/調整データ/通常/品種/image/5_ブドウ/1_デラウェア/49.budou_dera.jpg 68,22,439,482,0 
../学習データ/水増しデータ/調整データ/通常/品種/image/5_ブドウ/1_デラウェア/69.dera01.jpg 346,195,413,324,0 466,186,530,293,0 267,198,325,309,0 134,183,181,274,0 1,104,63,241,0 479,275,537,367,0 
../学習データ/水増しデータ/調整データ/通常/品種/image/5_ブドウ/1_デラウェア/19.jpg 200,132,704,579,0 136,1,562,422,0 362,234,866,711,0 
../学習データ/水増しデータ/調整データ/通常/品種/image/5_ブドウ/1_デラウェア/22.jpg 455,708,688,1195,0 85,314,300,641,0 153,545,396,865,0 707,375,884,706,0 336,116,510,301,0 461,247,611,541,0 388,488,586,817,0 258,806,471,1200,0 288,265,475,598,0 586,461,735,742,0 664,626,887,1157,0 588,196,779,450,0 178,121,361,317,0 494,91,671,266,0 
../学習データ/水増しデータ/調整データ/通常/品種/image/5_ブドウ/1_デラウェア/7.jpg 278,283,450,825,0 
../学習データ/水増しデータ/調整データ/通常/品種/image/5_ブドウ/1_デラウェア/56.jpg 208,19,278,162,0 155,24,218,164,0 
../学習データ/水増しデータ/調整データ/通常/品種/image/5_ブドウ/1_デラウェア/23.jpg 494,37,715,323,0 191,92,311,431,0 129,259,184,398,0 460,325,546,507,0 320,341,416,503,0 473,157,596,373,0 29,5,163,282,0 377,242,463,441,0 
../学習データ/水増しデータ/調整データ/通常/品種/image/5_ブドウ/1_デラウェア/199.king-dera-z-2kg-4.jpg 1,82,539,353,0 27,257,620,575,0 
../学習データ/水増しデータ/調整データ/通常/品種/image/5_ブドウ/1_デラウェア/171.dera_top.jpg 183,13,550,336,0 13,14,195,335,0 490,13,783,335,0 
../学習データ/水増しデータ/調整データ/通常/品種/image/5_ブドウ/1_デラウェア/5.jpg 765,404,1055,1187,0 141,441,480,1324,0 
../学習データ/水増しデータ/調整データ/通常/品種/image/5_ブドウ/1_デラウェア/165.20190905-budo-dera-sg-03.jpg 1,35,480,480,0 
../学習データ/水増しデータ/調整データ/通常/品種/image/5_ブドウ/1_デラウェア/59.jpg 53,47,355,238,0 
../学習データ/水増しデータ/調整データ/通常/品種/image/5_ブドウ/1_デラウェア/40.jpg 169,66,259,194,0 59,1,169,71,0 1,1,71,95,0 74,58,177,194,0 1,78,88,193,0 161,2,229,91,0 
../学習データ/水増しデータ/調整データ/通常/品種/image/5_ブドウ/1_デラウェア/2.dera_01-thumb-480xauto-1754.jpg 61,89,177,332,0 162,34,292,330,0 290,1,404,313,0 
../学習データ/水増しデータ/調整データ/通常/品種/image/5_ブドウ/1_デラウェア/39.jpg 3,12,194,236,0 
../学習データ/水増しデータ/調整データ/通常/品種/image/5_ブドウ/1_デラウェア/168.king-dera-z-2kg-4.jpg 1,84,514,355,0 29,262,619,578,0 
../学習データ/水増しデータ/調整データ/通常/品種/image/5_ブドウ/1_デラウェア/14.jpg 1,112,663,862,0 475,405,953,859,0 
../学習データ/水増しデータ/調整データ/通常/品種/image/5_ブドウ/1_デラウェア/10.jpg 346,1,591,600,0 100,125,286,588,0 
../学習データ/水増しデータ/調整データ/通常/品種/image/5_ブドウ/1_デラウェア/54.jpg 213,378,360,561,0 172,193,360,326,0 11,173,185,357,0 2,397,227,636,0 
../学習データ/水増しデータ/調整データ/通常/品種/image/5_ブドウ/1_デラウェア/272.1710937.jpg 34,204,299,369,0 1,139,262,284,0 
../学習データ/水増しデータ/調整データ/通常/品種/image/5_ブドウ/1_デラウェア/9.02303048_l1.jpg 53,16,433,435,0 187,77,687,528,0 
../学習データ/水増しデータ/調整データ/通常/品種/image/5_ブドウ/1_デラウェア/267.sn_20160803112718315.jpg 370,226,523,327,0 20,240,229,308,0 45,137,199,235,0 59,91,210,166,0 72,14,222,95,0 144,181,296,297,0 169,98,289,224,0 162,44,301,156,0 372,155,444,252,0 355,61,471,133,0 436,25,575,132,0 466,75,608,235,0 452,157,598,307,0 
../学習データ/水増しデータ/調整データ/通常/品種/image/5_ブドウ/1_デラウェア/43.jpg 85,181,138,233,0 35,191,97,226,0 66,203,114,264,0 14,212,94,287,0 
../学習データ/水増しデータ/調整データ/通常/品種/image/5_ブドウ/1_デラウェア/47.187be8e4.jpg 184,27,1165,899,0 
../学習データ/水増しデータ/調整データ/通常/品種/image/5_ブドウ/1_デラウェア/175.delaware2.jpg 51,54,225,399,0 
../学習データ/水増しデータ/調整データ/通常/品種/image/5_ブドウ/1_デラウェア/28.jpg 18,76,46,174,0 153,75,201,181,0 45,5,142,222,0 
../学習データ/水増しデータ/調整データ/通常/品種/image/5_ブドウ/1_デラウェア/239.000000000762_9cWAuWt.jpg 497,452,588,586,0 386,12,591,459,0 118,358,238,529,0 3,141,128,478,0 246,400,354,569,0 171,274,270,409,0 279,316,392,469,0 221,187,337,332,0 334,221,439,387,0 
../学習データ/水増しデータ/調整データ/通常/品種/image/5_ブドウ/1_デラウェア/36.jpg 41,16,146,257,0 
../学習データ/水増しデータ/調整データ/通常/品種/image/5_ブドウ/1_デラウェア/63.IMG_0554-scaled.jpg 884,862,1187,1095,0 907,626,1187,934,0 893,392,1182,726,0 901,151,1170,567,0 643,156,909,509,0 607,376,918,715,0 584,609,887,951,0 568,865,879,1095,0 265,823,601,1092,0 301,620,587,887,0 334,384,607,723,0 365,176,657,492,0 9,801,268,1095,0 23,634,323,945,0 82,381,362,715,0 148,212,401,470,0 
../学習データ/水増しデータ/調整データ/通常/品種/image/5_ブドウ/5_ゴルビー/4.jpg 238,172,588,1067,4 
../学習データ/水増しデータ/調整データ/通常/品種/image/5_ブドウ/5_ゴルビー/1.budou-Gorby01(3456-5184).jpg 33,76,616,949,4 
../学習データ/水増しデータ/調整データ/通常/品種/image/5_ブドウ/5_ゴルビー/32.jpg 52,5,314,433,4 
../学習データ/水増しデータ/調整データ/通常/品種/image/5_ブドウ/5_ゴルビー/102.gorubi.jpg 18,1,206,292,4 
../学習データ/水増しデータ/調整データ/通常/品種/image/5_ブドウ/5_ゴルビー/25.jpg 165,59,212,142,4 61,3,169,150,4 
../学習データ/水増しデータ/調整データ/通常/品種/image/5_ブドウ/5_ゴルビー/274.golbee4.jpg 24,1,261,181,4 
../学習データ/水増しデータ/調整データ/通常/品種/image/5_ブドウ/5_ゴルビー/88.gorubii1127no1-1.jpg 72,220,520,731,4 
../学習データ/水増しデータ/調整データ/通常/品種/image/5_ブドウ/5_ゴルビー/233.3syu-10.jpg 9,47,600,500,4 
../学習データ/水増しデータ/調整データ/通常/品種/image/5_ブドウ/5_ゴルビー/263.gorubi-.jpg 7,1,204,290,4 
../学習データ/水増しデータ/調整データ/通常/品種/image/5_ブドウ/5_ゴルビー/27.jpg 26,8,157,252,4 
../学習データ/水増しデータ/調整データ/通常/品種/image/5_ブドウ/5_ゴルビー/20.jpg 18,4,251,160,4 
../学習データ/水増しデータ/調整データ/通常/品種/image/5_ブドウ/5_ゴルビー/200.golbyshinsen4.jpg 119,41,270,287,4 
../学習データ/水増しデータ/調整データ/通常/品種/image/5_ブドウ/5_ゴルビー/89.golbee00.jpg 10,1,300,232,4 
../学習データ/水増しデータ/調整データ/通常/品種/image/5_ブドウ/5_ゴルビー/49.gorubiibudou1.jpg 2,31,211,214,4 29,4,250,164,4 
../学習データ/水増しデータ/調整データ/通常/品種/image/5_ブドウ/5_ゴルビー/260.img56583141.jpg 75,13,176,175,4 173,1,280,188,4 
../学習データ/水増しデータ/調整データ/通常/品種/image/5_ブドウ/5_ゴルビー/65.2018-10-26-gorby-01.jpg 123,104,316,234,4 5,77,126,226,4 77,6,184,125,4 186,3,284,105,4 270,19,400,162,4 
../学習データ/水増しデータ/調整データ/通常/品種/image/5_ブドウ/5_ゴルビー/63.golbysumaho.jpg 152,95,498,316,4 
../学習データ/水増しデータ/調整データ/通常/品種/image/5_ブドウ/5_ゴルビー/5.00759_2007_0920_IMG_5967.jpg 68,43,368,255,4 
../学習データ/水増しデータ/調整データ/通常/品種/image/5_ブドウ/5_ゴルビー/33.jpg 64,1,398,381,4 
../学習データ/水増しデータ/調整データ/通常/品種/image/5_ブドウ/5_ゴルビー/31.jpg 186,227,739,985,4 
../学習データ/水増しデータ/調整データ/通常/品種/image/5_ブドウ/5_ゴルビー/15.jpg 25,1,954,800,4 
../学習データ/水増しデータ/調整データ/通常/品種/image/5_ブドウ/5_ゴルビー/96.golby3.jpg 76,1,318,391,4 
../学習データ/水増しデータ/調整データ/通常/品種/image/5_ブドウ/5_ゴルビー/39.5815-60000501.jpg 19,223,338,550,4 355,1,594,339,2 209,282,558,545,4 432,68,730,361,2 
../学習データ/水増しデータ/調整データ/通常/品種/image/5_ブドウ/5_ゴルビー/16.jpg 194,1,549,494,4 
../学習データ/水増しデータ/調整データ/通常/品種/image/5_ブドウ/5_ゴルビー/9.jpg 1,286,788,768,4 96,2,903,455,4 
../学習データ/水増しデータ/調整データ/通常/品種/image/5_ブドウ/5_ゴルビー/17.jpg 10,6,157,227,4 
../学習データ/水増しデータ/調整データ/通常/品種/image/5_ブドウ/5_ゴルビー/177.DSC02137.jpg 839,650,1526,1878,4 184,666,838,1804,4 
../学習データ/水増しデータ/調整データ/通常/品種/image/5_ブドウ/5_ゴルビー/8.jpg 91,1,1268,960,4 
../学習データ/水増しデータ/調整データ/通常/品種/image/5_ブドウ/5_ゴルビー/95.o2048115214578112279.jpg 1343,211,1743,1088,4 846,404,1337,991,4 427,160,779,999,4 
../学習データ/水増しデータ/調整データ/通常/品種/image/5_ブドウ/5_ゴルビー/123.golby.jpg 54,19,338,461,4 
../学習データ/水増しデータ/調整データ/通常/品種/image/5_ブドウ/5_ゴルビー/1.jpg 27,0,1280,960,4 
../学習データ/水増しデータ/調整データ/通常/品種/image/5_ブドウ/5_ゴルビー/137.gorubi_s.jpg 60,5,176,151,4 
../学習データ/水増しデータ/調整データ/通常/品種/image/5_ブドウ/5_ゴルビー/261.golby.jpg 40,36,184,258,4 
../学習データ/水増しデータ/調整データ/通常/品種/image/5_ブドウ/5_ゴルビー/138.golby4.jpg 7,30,495,302,4 
../学習データ/水増しデータ/調整データ/通常/品種/image/5_ブドウ/5_ゴルビー/30.jpg 71,29,599,955,4 620,283,800,950,4 3,7,169,218,4 
../学習データ/水増しデータ/調整データ/通常/品種/image/5_ブドウ/5_ゴルビー/11.jpg 47,42,148,212,4 
../学習データ/水増しデータ/調整データ/通常/品種/image/5_ブドウ/5_ゴルビー/24.jpg 1,1,244,194,4 
../学習データ/水増しデータ/調整データ/通常/品種/image/5_ブドウ/5_ゴルビー/41.o1094072914794545294.jpg 564,175,1008,681,4 
../学習データ/水増しデータ/調整データ/通常/品種/image/5_ブドウ/5_ゴルビー/29.jpg 81,1,741,1025,4 
../学習データ/水増しデータ/調整データ/通常/品種/image/5_ブドウ/5_ゴルビー/61.g-2.jpg 19,1,145,200,4 
../学習データ/水増しデータ/調整データ/通常/品種/image/5_ブドウ/5_ゴルビー/45.golbytop.jpg 495,21,1010,344,4 55,157,253,287,4 
../学習データ/水増しデータ/調整データ/通常/品種/image/5_ブドウ/5_ゴルビー/25.top-imagegorby.jpg 328,14,1000,461,4 
../学習データ/水増しデータ/調整データ/通常/品種/image/5_ブドウ/5_ゴルビー/182.golby_l.jpg 100,1,415,566,4 
../学習データ/水増しデータ/調整データ/通常/品種/image/5_ブドウ/5_ゴルビー/73.00760_2007_0920_IMG_5973.jpg 74,95,606,402,4 
../学習データ/水増しデータ/調整データ/通常/品種/image/5_ブドウ/5_ゴルビー/151.DSC02137.jpg 824,657,1521,1894,4 160,666,838,1842,4 
../学習データ/水増しデータ/調整データ/通常/品種/image/5_ブドウ/5_ゴルビー/196.10000106-32.jpg 155,56,592,754,4 
../学習データ/水増しデータ/調整データ/通常/品種/image/5_ブドウ/5_ゴルビー/7.02542_2010_0823_IMG_0051.jpg 34,36,379,243,4 
../学習データ/水増しデータ/調整データ/通常/品種/image/5_ブドウ/5_ゴルビー/26.d93414528e5c5f3d66647361d70de619.jpg 1,1,500,497,4 
../学習データ/水増しデータ/調整データ/通常/品種/image/5_ブドウ/5_ゴルビー/59.IMG_2253-500x375.jpg 40,1,218,172,4 1,164,98,368,4 58,151,332,374,4 188,5,386,205,4 346,1,500,143,4 345,169,500,375,4 
../学習データ/水増しデータ/調整データ/通常/品種/image/5_ブドウ/5_ゴルビー/129.golby.jpg 232,138,2489,3550,4 1940,38,2472,582,4 216,1110,488,1546,4 1,974,152,1510,4 
../学習データ/水増しデータ/調整データ/通常/品種/image/5_ブドウ/5_ゴルビー/3.golbee2.jpg 65,7,233,225,4 
../学習データ/水増しデータ/調整データ/通常/品種/image/5_ブドウ/5_ゴルビー/168.box04_item02.jpg 65,47,237,234,4 
../学習データ/水増しデータ/調整データ/通常/品種/image/5_ブドウ/5_ゴルビー/34.golby6.jpg 87,46,335,206,4 
../学習データ/水増しデータ/調整データ/通常/品種/image/5_ブドウ/5_ゴルビー/35.golby8.jpg 11,17,346,250,4 333,136,506,320,4 
../学習データ/水増しデータ/調整データ/通常/品種/image/5_ブドウ/5_ゴルビー/6.jpg 888,504,1060,643,4 234,1,730,906,4 
../学習データ/水増しデータ/調整データ/通常/品種/image/5_ブドウ/5_ゴルビー/36.golby.jpg 116,72,271,318,4 
../学習データ/水増しデータ/調整データ/通常/品種/image/5_ブドウ/5_ゴルビー/18.jpg 1,1,144,225,4 
../学習データ/水増しデータ/調整データ/通常/品種/image/5_ブドウ/5_ゴルビー/26.jpg 29,38,187,153,4 1,1,106,83,4 
../学習データ/水増しデータ/調整データ/通常/品種/image/5_ブドウ/5_ゴルビー/90.122514382_o1.jpg 1,4,135,138,4 120,23,237,208,4 1,116,131,267,4 1,227,134,425,4 123,204,249,391,4 
../学習データ/水増しデータ/調整データ/通常/品種/image/5_ブドウ/5_ゴルビー/21.jpg 7,1,275,183,4 
../学習データ/水増しデータ/調整データ/通常/品種/image/5_ブドウ/5_ゴルビー/71.item-gorby01new.jpg 18,21,328,317,4 
../学習データ/水増しデータ/調整データ/通常/品種/image/5_ブドウ/5_ゴルビー/195.golbyicatch.jpg 73,39,317,184,4 
../学習データ/水増しデータ/調整データ/通常/品種/image/5_ブドウ/5_ゴルビー/2.jpg 550,281,872,869,4 
../学習データ/水増しデータ/調整データ/通常/品種/image/5_ブドウ/5_ゴルビー/3.jpg 254,122,1060,703,4 
../学習データ/水増しデータ/調整データ/通常/品種/image/5_ブドウ/5_ゴルビー/12.jpg 83,1,195,166,4 
../学習データ/水増しデータ/調整データ/通常/品種/image/5_ブドウ/5_ゴルビー/114.golby2-632x543.jpg 221,1,542,538,4 
../学習データ/水増しデータ/調整データ/通常/品種/image/5_ブドウ/5_ゴルビー/80.gorubi-.jpg 81,6,412,612,4 
../学習データ/水増しデータ/調整データ/通常/品種/image/5_ブドウ/5_ゴルビー/2.13730_2009_0824_IMG_7865.jpg 1,1,720,480,4 
../学習データ/水増しデータ/調整データ/通常/品種/image/5_ブドウ/5_ゴルビー/64.o0672050414030218003.jpg 50,51,342,462,4 
../学習データ/水増しデータ/調整データ/通常/品種/image/5_ブドウ/5_ゴルビー/104.golbysyohin.jpg 16,53,164,317,4 165,76,313,325,4 317,42,486,299,4 
../学習データ/水増しデータ/調整データ/通常/品種/image/5_ブドウ/5_ゴルビー/113.gorby.jpg 24,14,173,235,4 145,104,186,203,4 
../学習データ/水増しデータ/調整データ/通常/品種/image/5_ブドウ/5_ゴルビー/128.golvie-glape.jpg 8,2,242,188,4 
../学習データ/水増しデータ/調整データ/通常/品種/image/5_ブドウ/5_ゴルビー/153.golby_l.jpg 101,1,418,595,4 
../学習データ/水増しデータ/調整データ/通常/品種/image/5_ブドウ/5_ゴルビー/19.jpg 67,1,264,171,4 
../学習データ/水増しデータ/調整データ/通常/品種/image/5_ブドウ/5_ゴルビー/22.jpg 22,39,183,235,4 
../学習データ/水増しデータ/調整データ/通常/品種/image/5_ブドウ/5_ゴルビー/7.jpg 250,1,2220,3980,4 
../学習データ/水増しデータ/調整データ/通常/品種/image/5_ブドウ/5_ゴルビー/298.golby.jpg 40,36,189,262,4 
../学習データ/水増しデータ/調整データ/通常/品種/image/5_ブドウ/5_ゴルビー/23.jpg 63,65,152,197,4 
../学習データ/水増しデータ/調整データ/通常/品種/image/5_ブドウ/5_ゴルビー/142.golbyshinsen3-2.jpg 5,146,78,213,4 167,1,344,209,4 
../学習データ/水増しデータ/調整データ/通常/品種/image/5_ブドウ/5_ゴルビー/9.shokumigolby.jpg 41,4,486,673,4 
../学習データ/水増しデータ/調整データ/通常/品種/image/5_ブドウ/5_ゴルビー/5.jpg 347,253,656,506,4 739,489,1017,741,4 15,197,314,408,4 304,508,658,750,4 1,435,243,722,4 743,223,1013,470,4 718,5,991,212,4 381,1,658,171,4 7,4,340,201,4 
../学習データ/水増しデータ/調整データ/通常/品種/image/5_ブドウ/5_ゴルビー/33.budou-Gorby10(5184-3456).jpg 196,82,784,391,4 
../学習データ/水増しデータ/調整データ/通常/品種/image/5_ブドウ/5_ゴルビー/161.IMG_7506.jpg 514,111,761,507,4 312,147,513,483,2 
../学習データ/水増しデータ/調整データ/通常/品種/image/5_ブドウ/5_ゴルビー/203.golby0827-632x627.jpg 228,1,574,578,4 
../学習データ/水増しデータ/調整データ/通常/品種/image/5_ブドウ/5_ゴルビー/19.gorby_2kg_01.jpg 10,11,361,450,4 
../学習データ/水増しデータ/調整データ/通常/品種/image/5_ブドウ/5_ゴルビー/93.2018-10-26-gorby-03.jpg 9,4,184,288,4 
../学習データ/水増しデータ/調整データ/通常/品種/image/5_ブドウ/5_ゴルビー/262.06539_2013_0906_IMG_0995.jpg 233,43,499,442,4 
../学習データ/水増しデータ/調整データ/通常/品種/image/5_ブドウ/5_ゴルビー/58.gorube.jpg 143,48,488,574,4 
../学習データ/水増しデータ/調整データ/通常/品種/image/5_ブドウ/5_ゴルビー/14.jpg 148,34,675,838,4 
../学習データ/水増しデータ/調整データ/通常/品種/image/5_ブドウ/5_ゴルビー/10.jpg 200,65,756,1081,4 
../学習データ/水増しデータ/調整データ/通常/品種/image/5_ブドウ/5_ゴルビー/120.o0960054014014886637.jpg 308,1,765,316,4 
../学習データ/水増しデータ/調整データ/通常/品種/image/5_ブドウ/5_ゴルビー/34.jpg 27,309,197,477,4 133,1,334,177,4 276,222,499,385,4 206,328,408,506,4 38,127,222,309,4 338,12,511,173,4 
../学習データ/水増しデータ/調整データ/通常/品種/image/5_ブドウ/5_ゴルビー/136.box04_item02.jpg 79,40,224,232,4 
../学習データ/水増しデータ/調整データ/通常/品種/image/5_ブドウ/5_ゴルビー/291.img56583141.jpg 66,1,176,176,4 173,1,279,187,4 
../学習データ/水増しデータ/調整データ/通常/品種/image/5_ブドウ/5_ゴルビー/60.gorubi4k.jpg 654,1423,1475,2176,4 30,1110,600,2116,4 180,288,813,1186,4 823,658,1590,1446,4 1480,1496,2323,2283,4 1705,1066,2745,1773,4 2710,948,3456,1858,4 2730,13,3455,663,4 2095,161,2945,893,4 1155,71,2098,886,4 
../学習データ/水増しデータ/調整データ/通常/品種/image/5_ブドウ/5_ゴルビー/167.golbyshinsen4.jpg 117,41,270,278,4 
../学習データ/水増しデータ/調整データ/通常/品種/image/5_ブドウ/5_ゴルビー/75.d43df0053044722261ffb21492f3c135.jpg 138,586,525,1261,4 550,510,968,1242,4 143,121,541,637,4 527,140,939,546,4 
../学習データ/水増しデータ/調整データ/通常/品種/image/5_ブドウ/5_ゴルビー/28.jpg 169,1,744,863,4 
../学習データ/水増しデータ/調整データ/通常/品種/image/5_ブドウ/2_巨峰/4.jpg 345,172,657,747,1 
../学習データ/水増しデータ/調整データ/通常/品種/image/5_ブドウ/2_巨峰/13.no1-kyohou.jpg 20,31,137,205,1 
../学習データ/水増しデータ/調整データ/通常/品種/image/5_ブドウ/2_巨峰/32.jpg 113,0,181,134,1 
../学習データ/水増しデータ/調整データ/通常/品種/image/5_ブドウ/2_巨峰/25.jpg 49,146,1068,692,1 
../学習データ/水増しデータ/調整データ/通常/品種/image/5_ブドウ/2_巨峰/4.kyoho_grape.jpg 185,0,425,394,1 
../学習データ/水増しデータ/調整データ/通常/品種/image/5_ブドウ/2_巨峰/51.jpg 301,279,1130,800,1 43,1,806,681,1 
../学習データ/水増しデータ/調整データ/通常/品種/image/5_ブドウ/2_巨峰/15.kyohou02.jpg 596,325,1266,1239,1 
../学習データ/水増しデータ/調整データ/通常/品種/image/5_ブドウ/2_巨峰/27.jpg 1,1,164,242,1 
../学習データ/水増しデータ/調整データ/通常/品種/image/5_ブドウ/2_巨峰/20.jpg 10,88,171,229,1 
../学習データ/水増しデータ/調整データ/通常/品種/image/5_ブドウ/2_巨峰/64.kyohou01.jpg 1030,1026,2491,2080,1 418,205,1651,2042,1 
../学習データ/水増しデータ/調整データ/通常/品種/image/5_ブドウ/2_巨峰/87.kyoho-07p.jpg 19,40,463,389,1 
../学習データ/水増しデータ/調整データ/通常/品種/image/5_ブドウ/2_巨峰/216.1773010.jpg 15,1,411,500,1 
../学習データ/水増しデータ/調整データ/通常/品種/image/5_ブドウ/2_巨峰/41.jpg 574,91,776,714,1 785,131,995,721,1 390,101,575,730,1 213,127,413,702,1 99,44,313,609,1 2,137,118,611,1 
../学習データ/水増しデータ/調整データ/通常/品種/image/5_ブドウ/2_巨峰/58.kyoho.jpg 264,46,540,484,1 8,42,285,476,1 
../学習データ/水増しデータ/調整データ/通常/品種/image/5_ブドウ/2_巨峰/242.kyoho_jel1.jpg 254,138,573,560,1 
../学習データ/水増しデータ/調整データ/通常/品種/image/5_ブドウ/2_巨峰/288.kyohou.jpg 60,114,129,226,1 5,96,56,179,1 218,117,295,250,1 107,14,218,193,1 204,80,252,177,1 
../学習データ/水増しデータ/調整データ/通常/品種/image/5_ブドウ/2_巨峰/17.pic_index01.jpg 213,55,706,414,1 
../学習データ/水増しデータ/調整データ/通常/品種/image/5_ブドウ/2_巨峰/179.maxresdefault.jpg 313,237,398,314,1 397,238,492,319,1 376,322,467,399,1 405,402,526,485,1 319,386,412,455,1 
../学習データ/水増しデータ/調整データ/通常/品種/image/5_ブドウ/2_巨峰/141.591716_detailImage1.jpg 181,65,291,153,1 9,119,116,192,1 26,75,147,164,1 133,1,202,93,1 
../学習データ/水増しデータ/調整データ/通常/品種/image/5_ブドウ/2_巨峰/38.jpg 744,461,2002,2835,1 
../学習データ/水増しデータ/調整データ/通常/品種/image/5_ブドウ/2_巨峰/204.haru-1_17.jpg 464,415,790,741,1 
../学習データ/水増しデータ/調整データ/通常/品種/image/5_ブドウ/2_巨峰/231.img66471197.jpg 171,13,558,592,1 
../学習データ/水増しデータ/調整データ/通常/品種/image/5_ブドウ/2_巨峰/33.jpg 133,26,244,150,1 13,35,129,153,1 
../学習データ/水増しデータ/調整データ/通常/品種/image/5_ブドウ/2_巨峰/44.jpg 104,165,866,664,1 
../学習データ/水増しデータ/調整データ/通常/品種/image/5_ブドウ/2_巨峰/31.jpg 64,68,159,222,1 
../学習データ/水増しデータ/調整データ/通常/品種/image/5_ブドウ/2_巨峰/15.jpg 71,63,194,154,1 1,30,131,101,1 
../学習データ/水増しデータ/調整データ/通常/品種/image/5_ブドウ/2_巨峰/14.kyohou.jpg 0,0,2000,1500,1 
../学習データ/水増しデータ/調整データ/通常/品種/image/5_ブドウ/2_巨峰/35.jpg 49,18,144,222,1 
../学習データ/水増しデータ/調整データ/通常/品種/image/5_ブドウ/2_巨峰/16.jpg 60,26,237,154,1 
../学習データ/水増しデータ/調整データ/通常/品種/image/5_ブドウ/2_巨峰/215.kyoho1k_450c.jpg 177,120,527,371,1 
../学習データ/水増しデータ/調整データ/通常/品種/image/5_ブドウ/2_巨峰/9.jpg 61,81,1031,834,1 
../学習データ/水増しデータ/調整データ/通常/品種/image/5_ブドウ/2_巨峰/55.jpg 221,112,903,675,1 
../学習データ/水増しデータ/調整データ/通常/品種/image/5_ブドウ/2_巨峰/17.jpg 28,14,193,187,1 
../学習データ/水増しデータ/調整データ/通常/品種/image/5_ブドウ/2_巨峰/52.jpg 250,19,488,374,1 40,27,267,350,1 
../学習データ/水増しデータ/調整データ/通常/品種/image/5_ブドウ/2_巨峰/58.jpg 965,114,1584,1438,1 
../学習データ/水増しデータ/調整データ/通常/品種/image/5_ブドウ/2_巨峰/159.o0480036013739294148.jpg 329,40,480,241,1 193,33,341,260,1 62,32,212,267,1 
../学習データ/水増しデータ/調整データ/通常/品種/image/5_ブドウ/2_巨峰/164.senkaen-009.jpg 131,32,300,308,1 
../学習データ/水増しデータ/調整データ/通常/品種/image/5_ブドウ/2_巨峰/8.jpg 338,220,525,632,1 537,244,716,602,1 174,205,356,510,1 
../学習データ/水増しデータ/調整データ/通常/品種/image/5_ブドウ/2_巨峰/42.kyohou-budou.jpg 64,59,504,460,1 
../学習データ/水増しデータ/調整データ/通常/品種/image/5_ブドウ/2_巨峰/11.l_chiku_kyohou.jpg 147,103,217,229,1 82,144,184,288,1 215,14,420,327,1 
../学習データ/水増しデータ/調整データ/通常/品種/image/5_ブドウ/2_巨峰/20.kyoho-700-2.jpg 478,171,647,471,1 76,1,412,516,1 
../学習データ/水増しデータ/調整データ/通常/品種/image/5_ブドウ/2_巨峰/57.jpg 31,198,1414,1961,1 
../学習データ/水増しデータ/調整データ/通常/品種/image/5_ブドウ/2_巨峰/1.jpg 0,2,1200,887,1 
../学習データ/水増しデータ/調整データ/通常/品種/image/5_ブドウ/2_巨峰/50.jpg 101,106,605,708,1 
../学習データ/水増しデータ/調整データ/通常/品種/image/5_ブドウ/2_巨峰/102.250px-Japan%27s_Kyoho_Grapes.jpg 61,133,215,263,1 
../学習データ/水増しデータ/調整データ/通常/品種/image/5_ブドウ/2_巨峰/1.A112_I1.jpg 98,12,387,458,1 
../学習データ/水増しデータ/調整データ/通常/品種/image/5_ブドウ/2_巨峰/78.top04.jpg 54,1,451,388,1 
../学習データ/水増しデータ/調整データ/通常/品種/image/5_ブドウ/2_巨峰/46.jpg 102,64,1064,603,1 
../学習データ/水増しデータ/調整データ/通常/品種/image/5_ブドウ/2_巨峰/49.jpg 19,65,755,803,1 
../学習データ/水増しデータ/調整データ/通常/品種/image/5_ブドウ/2_巨峰/30.jpg 64,21,236,160,1 
../学習データ/水増しデータ/調整データ/通常/品種/image/5_ブドウ/2_巨峰/11.jpg 336,1,1300,749,1 
../学習データ/水増しデータ/調整データ/通常/品種/image/5_ブドウ/2_巨峰/207.budou_kyohou.jpg 97,13,270,237,1 
../学習データ/水増しデータ/調整データ/通常/品種/image/5_ブドウ/2_巨峰/45.jpg 1,43,1079,1080,1 
../学習データ/水増しデータ/調整データ/通常/品種/image/5_ブドウ/2_巨峰/169.budou_image1.jpg 314,64,560,228,1 281,4,384,142,1 382,12,550,99,1 1,210,280,420,1 
../学習データ/水増しデータ/調整データ/通常/品種/image/5_ブドウ/2_巨峰/92.kyoho02.jpg 89,1,174,131,1 208,6,348,209,1 
../学習データ/水増しデータ/調整データ/通常/品種/image/5_ブドウ/2_巨峰/24.jpg 156,1,1066,1920,1 
../学習データ/水増しデータ/調整データ/通常/品種/image/5_ブドウ/2_巨峰/29.jpg 1,35,183,275,1 
../学習データ/水増しデータ/調整データ/通常/品種/image/5_ブドウ/2_巨峰/37.jpg 675,604,2272,3092,1 
../学習データ/水増しデータ/調整データ/通常/品種/image/5_ブドウ/2_巨峰/48.jpg 54,233,580,946,1 
../学習データ/水増しデータ/調整データ/通常/品種/image/5_ブドウ/2_巨峰/53.jpg 121,40,374,463,1 
../学習データ/水増しデータ/調整データ/通常/品種/image/5_ブドウ/2_巨峰/81.kyoho_480-o01.jpg 131,55,435,461,1 
../学習データ/水増しデータ/調整データ/通常/品種/image/5_ブドウ/2_巨峰/106.kyohou1.jpg 120,70,163,138,1 235,68,285,141,1 163,73,217,166,1 
../学習データ/水増しデータ/調整データ/通常/品種/image/5_ブドウ/2_巨峰/36.kyohou-thumb-533x800-30.jpg 93,87,480,737,1 
../学習データ/水増しデータ/調整データ/通常/品種/image/5_ブドウ/2_巨峰/270.o0400024412980130890.jpg 52,34,157,138,1 250,38,371,142,2 
../学習データ/水増しデータ/調整データ/通常/品種/image/5_ブドウ/2_巨峰/149.budou_h3.jpg 6,1,715,400,1 
../学習データ/水増しデータ/調整データ/通常/品種/image/5_ブドウ/2_巨峰/187.senkaen-009.jpg 129,43,302,310,1 
../学習データ/水増しデータ/調整データ/通常/品種/image/5_ブドウ/2_巨峰/2.kyoho_image02.jpg 20,4,224,152,1 
../学習データ/水増しデータ/調整データ/通常/品種/image/5_ブドウ/2_巨峰/47.jpg 28,39,604,701,1 480,83,900,750,1 
../学習データ/水増しデータ/調整データ/通常/品種/image/5_ブドウ/2_巨峰/6.jpg 240,1,903,1108,1 
../学習データ/水増しデータ/調整データ/通常/品種/image/5_ブドウ/2_巨峰/18.jpg 23,58,283,168,1 54,1,198,87,1 
../学習データ/水増しデータ/調整データ/通常/品種/image/5_ブドウ/2_巨峰/21.jpg 138,0,246,163,1 
../学習データ/水増しデータ/調整データ/通常/品種/image/5_ブドウ/2_巨峰/266.img932f8e4ezik2zj.jpg 89,19,262,282,1 
../学習データ/水増しデータ/調整データ/通常/品種/image/5_ブドウ/2_巨峰/175.da6fc8075deb2b654fa4653c6225a85b.jpg 1,471,679,1058,1 
../学習データ/水増しデータ/調整データ/通常/品種/image/5_ブドウ/2_巨峰/113.kyohou_05.jpg 301,1,580,400,1 
../学習データ/水増しデータ/調整データ/通常/品種/image/5_ブドウ/2_巨峰/2.jpg 272,300,663,944,1 
../学習データ/水増しデータ/調整データ/通常/品種/image/5_ブドウ/2_巨峰/3.jpg 198,1,682,740,1 579,537,834,820,1 314,769,728,960,1 
../学習データ/水増しデータ/調整データ/通常/品種/image/5_ブドウ/2_巨峰/38.kyoho.jpg 1,381,2277,2304,1 542,211,3242,2304,1 1697,1,3454,1396,1 
../学習データ/水増しデータ/調整データ/通常/品種/image/5_ブドウ/2_巨峰/115.kyohou.jpg 19,23,187,271,1 
../学習データ/水増しデータ/調整データ/通常/品種/image/5_ブドウ/2_巨峰/13.jpg 64,83,848,732,1 406,809,782,1151,1 18,805,402,1151,1 779,816,1160,1149,1 
../学習データ/水増しデータ/調整データ/通常/品種/image/5_ブドウ/2_巨峰/12.jpg 530,545,1969,2723,1 
../学習データ/水増しデータ/調整データ/通常/品種/image/5_ブドウ/2_巨峰/42.jpg 97,0,1128,1193,1 
../学習データ/水増しデータ/調整データ/通常/品種/image/5_ブドウ/2_巨峰/19.jpg 109,8,246,118,1 
../学習データ/水増しデータ/調整データ/通常/品種/image/5_ブドウ/2_巨峰/22.jpg 16,16,292,149,1 
../学習データ/水増しデータ/調整データ/通常/品種/image/5_ブドウ/2_巨峰/7.jpg 44,9,1593,1179,1 
../学習データ/水増しデータ/調整データ/通常/品種/image/5_ブドウ/2_巨峰/56.jpg 568,312,795,753,1 
../学習データ/水増しデータ/調整データ/通常/品種/image/5_ブドウ/2_巨峰/272.img66471197.jpg 170,9,573,590,1 
../学習データ/水増しデータ/調整データ/通常/品種/image/5_ブドウ/2_巨峰/23.jpg 292,140,1242,862,1 
../学習データ/水増しデータ/調整データ/通常/品種/image/5_ブドウ/2_巨峰/172.budou_main.jpg 13,13,365,338,1 
../学習データ/水増しデータ/調整データ/通常/品種/image/5_ブドウ/2_巨峰/5.jpg 578,116,942,736,1 
../学習データ/水増しデータ/調整データ/通常/品種/image/5_ブドウ/2_巨峰/59.jpg 103,48,1096,839,1 
../学習データ/水増しデータ/調整データ/通常/品種/image/5_ブドウ/2_巨峰/40.jpg 116,1,688,978,1 
../学習データ/水増しデータ/調整データ/通常/品種/image/5_ブドウ/2_巨峰/39.jpg 1030,78,1225,419,1 129,187,294,486,1 382,1,824,766,1 
../学習データ/水増しデータ/調整データ/通常/品種/image/5_ブドウ/2_巨峰/7.kyohouinfo01k.jpg 52,2,745,566,1 
../学習データ/水増しデータ/調整データ/通常/品種/image/5_ブドウ/2_巨峰/181.budou_kyohou.jpg 100,13,267,237,1 
../学習データ/水増しデータ/調整データ/通常/品種/image/5_ブドウ/2_巨峰/14.jpg 597,130,981,752,1 410,554,899,941,1 95,340,471,882,1 270,205,699,718,1 
../学習データ/水増しデータ/調整データ/通常/品種/image/5_ブドウ/2_巨峰/10.jpg 166,474,776,1084,1 
../学習データ/水増しデータ/調整データ/通常/品種/image/5_ブドウ/2_巨峰/54.jpg 115,57,389,299,1 
../学習データ/水増しデータ/調整データ/通常/品種/image/5_ブドウ/2_巨峰/34.jpg 12,1,169,268,1 
../学習データ/水増しデータ/調整データ/通常/品種/image/5_ブドウ/2_巨峰/43.jpg 1355,157,1950,977,1 994,170,1559,874,1 
../学習データ/水増しデータ/調整データ/通常/品種/image/5_ブドウ/2_巨峰/9.kyohou03.jpg 197,402,317,598,1 705,367,831,562,1 290,273,465,588,1 462,60,746,455,1 461,329,654,635,1 
../学習データ/水増しデータ/調整データ/通常/品種/image/5_ブドウ/2_巨峰/88.4419471.jpg 7,42,106,185,1 126,18,223,190,2 
../学習データ/水増しデータ/調整データ/通常/品種/image/5_ブドウ/2_巨峰/28.jpg 34,53,137,229,1 
../学習データ/水増しデータ/調整データ/通常/品種/image/5_ブドウ/2_巨峰/40.kyohou300.jpg 92,43,207,223,1 
../学習データ/水増しデータ/調整データ/通常/品種/image/5_ブドウ/2_巨峰/229.cea12df1e3989ca600a62a8b1a8c08b25a96b05a.400x0.none.jpg 129,67,399,300,1 
../学習データ/水増しデータ/調整データ/通常/品種/image/5_ブドウ/2_巨峰/36.jpg 14,18,245,169,1 
../学習データ/水増しデータ/調整データ/通常/品種/image/5_ブドウ/2_巨峰/280.170109(2).jpg 237,80,323,195,1 26,93,126,201,1 326,82,417,182,1 434,237,526,346,1 143,85,220,192,1 19,227,117,357,1 128,227,224,357,1 237,231,322,357,1 337,225,428,354,1 529,226,603,339,1 423,83,513,197,1 514,74,603,197,1 517,1,588,51,1 416,1,491,60,1 335,1,400,55,1 229,1,315,57,1 135,1,203,56,1 42,1,121,56,1 
../学習データ/水増しデータ/調整データ/通常/品種/image/5_ブドウ/3_ピオーネ/72.o0400024412980130890.jpg 53,36,153,136,4 253,41,373,136,4 
../学習データ/水増しデータ/調整データ/通常/品種/image/5_ブドウ/3_ピオーネ/4.jpg 72,25,999,572,2 
../学習データ/水増しデータ/調整データ/通常/品種/image/5_ブドウ/3_ピオーネ/149.pione_2k.jpg 367,99,522,242,2 225,74,372,252,2 302,227,462,468,2 123,234,292,429,2 
../学習データ/水増しデータ/調整データ/通常/品種/image/5_ブドウ/3_ピオーネ/9.pione001.jpg 12,2,594,593,2 597,1,1116,681,2 211,361,896,705,2 
../学習データ/水増しデータ/調整データ/通常/品種/image/5_ブドウ/3_ピオーネ/32.jpg 31,2,168,203,2 
../学習データ/水増しデータ/調整データ/通常/品種/image/5_ブドウ/3_ピオーネ/25.jpg 44,10,254,163,2 
../学習データ/水増しデータ/調整データ/通常/品種/image/5_ブドウ/3_ピオーネ/172.150419528_o6.jpg 2,176,249,400,2 
../学習データ/水増しデータ/調整データ/通常/品種/image/5_ブドウ/3_ピオーネ/129.gr004_main.jpg 23,20,703,593,2 
../学習データ/水増しデータ/調整データ/通常/品種/image/5_ブドウ/3_ピオーネ/27.jpg 72,10,197,178,2 
../学習データ/水増しデータ/調整データ/通常/品種/image/5_ブドウ/3_ピオーネ/20.jpg 1,21,216,216,2 
../学習データ/水増しデータ/調整データ/通常/品種/image/5_ブドウ/3_ピオーネ/155.pione2007.jpg 26,30,469,402,2 
../学習データ/水増しデータ/調整データ/通常/品種/image/5_ブドウ/3_ピオーネ/79.pione05.jpg 82,7,221,198,2 
../学習データ/水増しデータ/調整データ/通常/品種/image/5_ブドウ/3_ピオーネ/56.pione_01-thumb-312xauto-1745.jpg 72,19,243,226,2 
../学習データ/水増しデータ/調整データ/通常/品種/image/5_ブドウ/3_ピオーネ/160.o1080080914794364806.jpg 59,149,395,575,2 350,339,719,793,2 475,2,838,376,2 792,294,1080,721,2 
../学習データ/水増しデータ/調整データ/通常/品種/image/5_ブドウ/3_ピオーネ/32.pione700.jpg 6,1,400,448,2 
../学習データ/水増しデータ/調整データ/通常/品種/image/5_ブドウ/3_ピオーネ/52.budou_pio.jpg 70,32,430,479,2 
../学習データ/水増しデータ/調整データ/通常/品種/image/5_ブドウ/3_ピオーネ/126.top1_pione2.jpg 338,486,543,662,2 100,189,312,352,2 298,241,493,413,2 116,428,375,592,2 1,356,173,469,2 457,342,639,484,2 
../学習データ/水増しデータ/調整データ/通常/品種/image/5_ブドウ/3_ピオーネ/38.jpg 367,201,736,847,2 735,197,1080,826,2 14,245,387,905,2 
../学習データ/水増しデータ/調整データ/通常/品種/image/5_ブドウ/3_ピオーネ/91.pione01.jpg 24,1,454,520,2 
../学習データ/水増しデータ/調整データ/通常/品種/image/5_ブドウ/3_ピオーネ/33.jpg 18,24,275,176,2 
../学習データ/水増しデータ/調整データ/通常/品種/image/5_ブドウ/3_ピオーネ/31.jpg 1,34,102,158,2 99,1,204,171,2 176,22,259,143,2 
../学習データ/水増しデータ/調整データ/通常/品種/image/5_ブドウ/3_ピオーネ/15.jpg 40,3,246,153,2 
../学習データ/水増しデータ/調整データ/通常/品種/image/5_ブドウ/3_ピオーネ/37.20121217pio-21.jpg 146,41,683,686,2 
../学習データ/水増しデータ/調整データ/通常/品種/image/5_ブドウ/3_ピオーネ/35.jpg 0,0,259,192,2 
../学習データ/水増しデータ/調整データ/通常/品種/image/5_ブドウ/3_ピオーネ/16.jpg 21,33,205,187,2 
../学習データ/水増しデータ/調整データ/通常/品種/image/5_ブドウ/3_ピオーネ/9.jpg 43,0,293,150,2 
../学習データ/水増しデータ/調整データ/通常/品種/image/5_ブドウ/3_ピオーネ/77.pione10.jpg 90,39,707,421,2 
../学習データ/水増しデータ/調整データ/通常/品種/image/5_ブドウ/3_ピオーネ/17.jpg 104,13,209,170,2 
../学習データ/水増しデータ/調整データ/通常/品種/image/5_ブドウ/3_ピオーネ/245.CM180908-221823017.jpg 79,51,556,664,2 
../学習データ/水増しデータ/調整データ/通常/品種/image/5_ブドウ/3_ピオーネ/29.pione_b.jpg 73,20,598,454,2 
../学習データ/水増しデータ/調整データ/通常/品種/image/5_ブドウ/3_ピオーネ/168.pione.jpg 6,10,209,160,2 
../学習データ/水増しデータ/調整データ/通常/品種/image/5_ブドウ/3_ピオーネ/148.pione.jpg 10,10,209,159,2 
../学習データ/水増しデータ/調整データ/通常/品種/image/5_ブドウ/3_ピオーネ/8.jpg 126,32,261,139,2 52,0,194,137,2 
../学習データ/水増しデータ/調整データ/通常/品種/image/5_ブドウ/3_ピオーネ/64.pione-thumb-670x410-18.jpg 324,1,540,207,2 86,6,409,410,2 
../学習データ/水増しデータ/調整データ/通常/品種/image/5_ブドウ/3_ピオーネ/1.jpg 1,11,1280,893,2 
../学習データ/水増しデータ/調整データ/通常/品種/image/5_ブドウ/3_ピオーネ/299.item_2457_1.jpg 95,51,289,330,2 335,97,520,360,2 
../学習データ/水増しデータ/調整データ/通常/品種/image/5_ブドウ/3_ピオーネ/258.o0480064114011353148.jpg 63,121,419,564,2 
../学習データ/水増しデータ/調整データ/通常/品種/image/5_ブドウ/3_ピオーネ/270.maxresdefault.jpg 81,199,379,644,2 865,127,1170,643,2 
../学習データ/水増しデータ/調整データ/通常/品種/image/5_ブドウ/3_ピオーネ/135.imgPione.jpg 37,19,183,185,2 
../学習データ/水増しデータ/調整データ/通常/品種/image/5_ブドウ/3_ピオーネ/173.pione.jpg 39,1,477,412,2 163,267,632,700,2 448,1,839,548,2 
../学習データ/水増しデータ/調整データ/通常/品種/image/5_ブドウ/3_ピオーネ/268.set_pione_c1b_02.jpg 262,76,700,436,2 
../学習データ/水増しデータ/調整データ/通常/品種/image/5_ブドウ/3_ピオーネ/30.jpg 79,1,175,159,2 
../学習データ/水増しデータ/調整データ/通常/品種/image/5_ブドウ/3_ピオーネ/10.n-pione-sp06.jpg 496,53,592,273,2 116,28,497,605,2 
../学習データ/水増しデータ/調整データ/通常/品種/image/5_ブドウ/3_ピオーネ/11.jpg 49,19,208,154,2 
../学習データ/水増しデータ/調整データ/通常/品種/image/5_ブドウ/3_ピオーネ/24.jpg 1,41,198,217,2 
../学習データ/水増しデータ/調整データ/通常/品種/image/5_ブドウ/3_ピオーネ/14.pio-ne1.jpg 98,88,267,214,2 26,27,183,166,2 
../学習データ/水増しデータ/調整データ/通常/品種/image/5_ブドウ/3_ピオーネ/29.jpg 35,1,239,193,2 
../学習データ/水増しデータ/調整データ/通常/品種/image/5_ブドウ/3_ピオーネ/37.jpg 25,36,223,182,2 
../学習データ/水増しデータ/調整データ/通常/品種/image/5_ブドウ/3_ピオーネ/266.imgrc0075951534.jpg 3,1,524,424,2 
../学習データ/水増しデータ/調整データ/通常/品種/image/5_ブドウ/3_ピオーネ/30.pione.jpg 8,23,218,296,2 
../学習データ/水増しデータ/調整データ/通常/品種/image/5_ブドウ/3_ピオーネ/28.7pione5.jpg 44,1,240,208,2 121,66,367,280,2 
../学習データ/水増しデータ/調整データ/通常/品種/image/5_ブドウ/3_ピオーネ/105.150419623_o5.jpg 582,165,698,286,2 543,144,610,265,2 
../学習データ/水増しデータ/調整データ/通常/品種/image/5_ブドウ/3_ピオーネ/106.pione_amagase.jpg 74,1,300,220,2 1,14,51,138,2 
../学習データ/水増しデータ/調整データ/通常/品種/image/5_ブドウ/3_ピオーネ/6.jpg 141,264,1102,789,2 
../学習データ/水増しデータ/調整データ/通常/品種/image/5_ブドウ/3_ピオーネ/241.pio2kg_03.jpg 565,149,752,392,2 249,15,514,414,2 
../学習データ/水増しデータ/調整データ/通常/品種/image/5_ブドウ/3_ピオーネ/18.jpg 56,14,183,187,2 
../学習データ/水増しデータ/調整データ/通常/品種/image/5_ブドウ/3_ピオーネ/26.jpg 44,2,164,262,2 
../学習データ/水増しデータ/調整データ/通常/品種/image/5_ブドウ/3_ピオーネ/21.jpg 106,19,275,183,2 1,1,148,160,2 
../学習データ/水増しデータ/調整データ/通常/品種/image/5_ブドウ/3_ピオーネ/49.02110035_free_1_1.jpg 15,0,295,381,2 
../学習データ/水増しデータ/調整データ/通常/品種/image/5_ブドウ/3_ピオーネ/170.pione_image03.jpg 1,6,203,160,2 
../学習データ/水増しデータ/調整データ/通常/品種/image/5_ブドウ/3_ピオーネ/184.pione2.jpg 52,97,250,375,2 
../学習データ/水増しデータ/調整データ/通常/品種/image/5_ブドウ/3_ピオーネ/109.pione_kodawari.jpg 162,57,362,255,2 
../学習データ/水増しデータ/調整データ/通常/品種/image/5_ブドウ/3_ピオーネ/2.jpg 417,1,864,735,2 
../学習データ/水増しデータ/調整データ/通常/品種/image/5_ブドウ/3_ピオーネ/3.jpg 306,130,706,777,2 
../学習データ/水増しデータ/調整データ/通常/品種/image/5_ブドウ/3_ピオーネ/40.pione_image01.jpg 101,1,696,400,2 
../学習データ/水増しデータ/調整データ/通常/品種/image/5_ブドウ/3_ピオーネ/122.p-pionebianco.jpg 130,37,365,281,2 
../学習データ/水増しデータ/調整データ/通常/品種/image/5_ブドウ/3_ピオーネ/4.n-pione-sp00.jpg 1,1,291,300,2 270,21,465,251,2 
../学習データ/水増しデータ/調整データ/通常/品種/image/5_ブドウ/3_ピオーネ/179.pione_2k.jpg 363,98,523,251,2 227,75,374,253,2 295,242,468,462,2 126,235,291,418,2 
../学習データ/水増しデータ/調整データ/通常/品種/image/5_ブドウ/3_ピオーネ/13.jpg 21,17,94,138,2 79,37,223,184,2 
../学習データ/水増しデータ/調整データ/通常/品種/image/5_ブドウ/3_ピオーネ/12.jpg 50,11,215,221,2 
../学習データ/水増しデータ/調整データ/通常/品種/image/5_ブドウ/3_ピオーネ/103.pione-3.jpg 5,91,94,177,2 112,27,274,228,2 
../学習データ/水増しデータ/調整データ/通常/品種/image/5_ブドウ/3_ピオーネ/242.maxresdefault.jpg 81,157,381,665,2 874,162,1181,631,2 
../学習データ/水増しデータ/調整データ/通常/品種/image/5_ブドウ/3_ピオーネ/183.pione2007.jpg 28,41,481,394,2 
../学習データ/水増しデータ/調整データ/通常/品種/image/5_ブドウ/3_ピオーネ/5.pione.jpg 143,1,453,400,2 
../学習データ/水増しデータ/調整データ/通常/品種/image/5_ブドウ/3_ピオーネ/216.efc6b07f4336171b1e723bc13364d27e-718x506.jpg 336,171,532,315,2 
../学習データ/水増しデータ/調整データ/通常/品種/image/5_ブドウ/3_ピオーネ/19.jpg 41,42,220,147,2 
../学習データ/水増しデータ/調整データ/通常/品種/image/5_ブドウ/3_ピオーネ/99.pione_title.jpg 234,12,790,445,2 
../学習データ/水増しデータ/調整データ/通常/品種/image/5_ブドウ/3_ピオーネ/22.jpg 74,43,225,168,2 
../学習データ/水増しデータ/調整データ/通常/品種/image/5_ブドウ/3_ピオーネ/7.jpg 57,7,198,204,2 
../学習データ/水増しデータ/調整データ/通常/品種/image/5_ブドウ/3_ピオーネ/144.pione2.jpg 51,95,250,365,2 
../学習データ/水増しデータ/調整データ/通常/品種/image/5_ブドウ/3_ピオーネ/232.hqdefault.jpg 131,18,400,299,2 
../学習データ/水増しデータ/調整データ/通常/品種/image/5_ブドウ/3_ピオーネ/55.8002pio-ne2kg.jpg 1,253,113,466,2 285,120,466,366,2 171,117,305,350,2 405,71,750,478,2 
../学習データ/水増しデータ/調整データ/通常/品種/image/5_ブドウ/3_ピオーネ/23.jpg 13,2,177,221,2 
../学習データ/水増しデータ/調整データ/通常/品種/image/5_ブドウ/3_ピオーネ/213.pione_01.jpg 1,197,440,574,2 8,1,440,259,2 
../学習データ/水増しデータ/調整データ/通常/品種/image/5_ブドウ/3_ピオーネ/5.jpg 156,1,778,899,2 
../学習データ/水増しデータ/調整データ/通常/品種/image/5_ブドウ/3_ピオーネ/249.pione_image.jpg 344,1,639,236,2 
../学習データ/水増しデータ/調整データ/通常/品種/image/5_ブドウ/3_ピオーネ/292.pione007.jpg 18,1,451,320,2 410,1,640,249,2 
../学習データ/水増しデータ/調整データ/通常/品種/image/5_ブドウ/3_ピオーネ/39.jpg 136,28,676,898,2 
../学習データ/水増しデータ/調整データ/通常/品種/image/5_ブドウ/3_ピオーネ/208.pione.jpg 39,0,477,412,2 163,267,632,700,2 480,3,871,551,2 
../学習データ/水増しデータ/調整データ/通常/品種/image/5_ブドウ/3_ピオーネ/178.top1_pione0.jpg 218,249,529,632,2 
../学習データ/水増しデータ/調整データ/通常/品種/image/5_ブドウ/3_ピオーネ/14.jpg 25,19,168,236,2 
../学習データ/水増しデータ/調整データ/通常/品種/image/5_ブドウ/3_ピオーネ/265.IMG_0909-300-thumbnail2.jpg 49,56,145,169,2 
../学習データ/水増しデータ/調整データ/通常/品種/image/5_ブドウ/3_ピオーネ/10.jpg 5,4,184,261,2 
../学習データ/水増しデータ/調整データ/通常/品種/image/5_ブドウ/3_ピオーネ/21.pione3.jpg 286,1,740,450,2 
../学習データ/水増しデータ/調整データ/通常/品種/image/5_ブドウ/3_ピオーネ/34.jpg 18,70,102,175,2 108,59,179,158,2 
../学習データ/水増しデータ/調整データ/通常/品種/image/5_ブドウ/3_ピオーネ/83.pio-setumei.jpg 516,583,770,949,2 113,244,655,632,2 
../学習データ/水増しデータ/調整データ/通常/品種/image/5_ブドウ/3_ピオーネ/222.5d7b5c90df45f4e9f87f50dc24b48414.jpg 1,712,601,1317,2 
../学習データ/水増しデータ/調整データ/通常/品種/image/5_ブドウ/3_ピオーネ/28.jpg 143,1,244,160,2 36,21,145,173,2 
../学習データ/水増しデータ/調整データ/通常/品種/image/5_ブドウ/3_ピオーネ/48.pio01.jpg 251,1,775,678,2 846,474,1000,672,2 54,556,153,645,2 
../学習データ/水増しデータ/調整データ/通常/品種/image/5_ブドウ/3_ピオーネ/36.jpg 121,1,275,183,2 
../学習データ/水増しデータ/調整データ/通常/品種/image/5_ブドウ/6_ルビーロマン/102.2015081801rubyroman.jpg 71,97,406,598,5 
../学習データ/水増しデータ/調整データ/通常/品種/image/5_ブドウ/6_ルビーロマン/154.img_no4_food_02.jpg 70,70,488,421,5 
../学習データ/水増しデータ/調整データ/通常/品種/image/5_ブドウ/6_ルビーロマン/210.maxresdefault.jpg 190,14,902,638,5 
../学習データ/水増しデータ/調整データ/通常/品種/image/5_ブドウ/6_ルビーロマン/99.fruits-rubyroman.jpg 259,87,535,502,5 
../学習データ/水増しデータ/調整データ/通常/品種/image/5_ブドウ/6_ルビーロマン/76.rubyroman_02.jpg 569,328,957,605,5 
../学習データ/水増しデータ/調整データ/通常/品種/image/5_ブドウ/6_ルビーロマン/197.main2_grape11_1_578_578.jpg 155,53,578,551,5 
../学習データ/水増しデータ/調整データ/通常/品種/image/5_ブドウ/6_ルビーロマン/145.46aacef8b2174c255b5813c28bd85cb1.jpg 16,12,140,140,5 517,164,800,582,5 
../学習データ/水増しデータ/調整データ/通常/品種/image/5_ブドウ/6_ルビーロマン/265.PN2020071601001006.-.-.CI0003.jpg 33,13,311,424,5 
../学習データ/水増しデータ/調整データ/通常/品種/image/5_ブドウ/6_ルビーロマン/249.PN2020071601001006.-.-.CI0003.jpg 34,17,307,413,5 
../学習データ/水増しデータ/調整データ/通常/品種/image/5_ブドウ/6_ルビーロマン/83.e7bd65610b15b609dfe3e3a3ca79866a-266x300.jpg 51,43,226,260,5 
../学習データ/水増しデータ/調整データ/通常/品種/image/5_ブドウ/6_ルビーロマン/184.rubyroman-koukoku.jpg 1,657,235,784,5 
../学習データ/水増しデータ/調整データ/通常/品種/image/5_ブドウ/6_ルビーロマン/34.d2213-922-513371-0.jpg 74,55,345,435,5 
../学習データ/水増しデータ/調整データ/通常/品種/image/5_ブドウ/6_ルビーロマン/206.1412792_detailImage1.jpg 75,22,185,150,5 
../学習データ/水増しデータ/調整データ/通常/品種/image/5_ブドウ/6_ルビーロマン/40.ruby-hako.jpg 114,116,773,666,5 579,828,758,1066,5 87,980,263,1136,5 
../学習データ/水増しデータ/調整データ/通常/品種/image/5_ブドウ/6_ルビーロマン/14.rubyroman_04.jpg 1,65,1076,800,5 
../学習データ/水増しデータ/調整データ/通常/品種/image/5_ブドウ/6_ルビーロマン/205.o1080060714520692547.jpg 414,25,716,519,5 
../学習データ/水増しデータ/調整データ/通常/品種/image/5_ブドウ/6_ルビーロマン/126.E20200730006_1main.jpg 201,222,403,388,5 
../学習データ/水増しデータ/調整データ/通常/品種/image/5_ブドウ/6_ルビーロマン/202.fruits-rubyroman-sns.jpg 849,289,1186,790,5 
../学習データ/水増しデータ/調整データ/通常/品種/image/5_ブドウ/6_ルビーロマン/88.ruby-700-t1s.jpg 1,238,700,688,5 
../学習データ/水増しデータ/調整データ/通常/品種/image/5_ブドウ/6_ルビーロマン/98.3476a555.jpg 57,48,370,259,5 
../学習データ/水増しデータ/調整データ/通常/品種/image/5_ブドウ/6_ルビーロマン/245.hamada_fig2.jpg 13,17,250,378,5 
../学習データ/水増しデータ/調整データ/通常/品種/image/5_ブドウ/6_ルビーロマン/61.H20170708102_1main.jpg 111,1,332,354,5 
../学習データ/水増しデータ/調整データ/通常/品種/image/5_ブドウ/6_ルビーロマン/81.budorubyromanishikawa.jpg 55,11,458,364,5 
../学習データ/水増しデータ/調整データ/通常/品種/image/5_ブドウ/6_ルビーロマン/80.sty1607070005-f2.jpg 375,457,576,713,5 
../学習データ/水増しデータ/調整データ/通常/品種/image/5_ブドウ/6_ルビーロマン/64.01740114s.jpg 60,19,416,385,5 
../学習データ/水増しデータ/調整データ/通常/品種/image/5_ブドウ/6_ルビーロマン/82.sty2007160003-f1.jpg 41,47,632,863,5 
../学習データ/水増しデータ/調整データ/通常/品種/image/5_ブドウ/6_ルビーロマン/213.10-2-thumb-730xauto-279786.jpg 337,111,451,244,5 213,71,349,243,5 
../学習データ/水増しデータ/調整データ/通常/品種/image/5_ブドウ/6_ルビーロマン/180.dly1807100005-f1.jpg 168,34,529,446,5 
../学習データ/水増しデータ/調整データ/通常/品種/image/5_ブドウ/6_ルビーロマン/266.20171113115927.jpg 317,251,428,460,5 219,254,325,413,5 
../学習データ/水増しデータ/調整データ/通常/品種/image/5_ブドウ/6_ルビーロマン/204.ruby_roman.jpg 63,25,479,535,5 
../学習データ/水増しデータ/調整データ/通常/品種/image/5_ブドウ/6_ルビーロマン/293.1680.1.jpg 149,14,628,528,5 
../学習データ/水増しデータ/調整データ/通常/品種/image/5_ブドウ/6_ルビーロマン/239.1412792_detailImage1.jpg 69,22,185,148,5 
../学習データ/水増しデータ/調整データ/通常/品種/image/5_ブドウ/6_ルビーロマン/199.img62599669.jpg 61,110,297,422,5 
../学習データ/水増しデータ/調整データ/通常/品種/image/5_ブドウ/6_ルビーロマン/188.image-8.jpg 1,38,2006,2027,5 
../学習データ/水増しデータ/調整データ/通常/品種/image/5_ブドウ/6_ルビーロマン/292.20190828_155327.jpg 53,453,1662,2862,5 2365,365,3906,2856,5 
../学習データ/水増しデータ/調整データ/通常/品種/image/5_ブドウ/6_ルビーロマン/224.2_000000000280.jpg 546,295,738,491,5 
../学習データ/水増しデータ/調整データ/通常/品種/image/5_ブドウ/6_ルビーロマン/276.12310679_1111838798826711_5288521837781587358_n__large.jpg 225,198,340,299,5 144,202,235,303,5 
../学習データ/水増しデータ/調整データ/通常/品種/image/5_ブドウ/6_ルビーロマン/212.RubyRoman07[3840x5760].jpg 76,15,599,973,5 
../学習データ/水増しデータ/調整データ/通常/品種/image/5_ブドウ/6_ルビーロマン/236.o0524039313422911476.jpg 192,1,497,255,5 
../学習データ/水増しデータ/調整データ/通常/品種/image/5_ブドウ/6_ルビーロマン/167.46aacef8b2174c255b5813c28bd85cb1.jpg 28,12,134,130,5 533,159,795,589,5 
../学習データ/水増しデータ/調整データ/通常/品種/image/5_ブドウ/6_ルビーロマン/72.rubyroman-jp.jpg 470,0,980,551,5 
../学習データ/水増しデータ/調整データ/通常/品種/image/5_ブドウ/6_ルビーロマン/169.10-2-thumb-730xauto-279786.jpg 337,96,457,244,5 205,72,345,243,5 203,70,343,241,5 
../学習データ/水増しデータ/調整データ/通常/品種/image/5_ブドウ/6_ルビーロマン/246.maxresdefault.jpg 193,21,889,632,5 
../学習データ/水増しデータ/調整データ/通常/品種/image/5_ブドウ/6_ルビーロマン/115.E20170822001_1main.jpg 196,264,425,413,5 
../学習データ/水増しデータ/調整データ/通常/品種/image/5_ブドウ/6_ルビーロマン/12.rubyroman1-300x225.jpg 223,1,298,225,5 8,1,222,224,5 
../学習データ/水増しデータ/調整データ/通常/品種/image/5_ブドウ/6_ルビーロマン/7.rubyroman3-300x281.jpg 1,132,105,276,5 99,1,291,280,5 
../学習データ/水増しデータ/調整データ/通常/品種/image/5_ブドウ/6_ルビーロマン/230.img62599669.jpg 63,111,276,422,5 14,95,44,134,5 57,66,88,112,5 91,70,119,109,5 164,1,319,133,5 
../学習データ/水増しデータ/調整データ/通常/品種/image/5_ブドウ/6_ルビーロマン/248.11213_2017_0909_IMG_6192.jpg 1,1,420,280,5 
../学習データ/水増しデータ/調整データ/通常/品種/image/5_ブドウ/6_ルビーロマン/93.b0330343.jpg 1,1,413,260,5 
../学習データ/水増しデータ/調整データ/通常/品種/image/5_ブドウ/6_ルビーロマン/48.rubyroman2-300x226.jpg 1,1,216,226,5 
../学習データ/水増しデータ/調整データ/通常/品種/image/5_ブドウ/6_ルビーロマン/172.fruits-rubyroman-sns.jpg 841,231,1190,790,5 
../学習データ/水増しデータ/調整データ/通常/品種/image/5_ブドウ/6_ルビーロマン/152.maxresdefault.jpg 346,1,859,716,5 
../学習データ/水増しデータ/調整データ/通常/品種/image/5_ブドウ/6_ルビーロマン/263.ruby-dsc409.jpg 61,199,685,606,5 
../学習データ/水増しデータ/調整データ/通常/品種/image/5_ブドウ/6_ルビーロマン/2.81wE0e+3R7L._SL1500_.jpg 42,98,1426,854,5 
../学習データ/水増しデータ/調整データ/通常/品種/image/5_ブドウ/6_ルビーロマン/274.rubyroman1.jpg 0,0,1899,1354,5 
../学習データ/水増しデータ/調整データ/通常/品種/image/5_ブドウ/6_ルビーロマン/299.sec02-circle-img.jpg 134,298,618,827,5 
../学習データ/水増しデータ/調整データ/通常/品種/image/5_ブドウ/6_ルビーロマン/232.12310679_1111838798826711_5288521837781587358_n__large.jpg 148,172,329,301,5 
../学習データ/水増しデータ/調整データ/通常/品種/image/5_ブドウ/6_ルビーロマン/295._DSC984511.jpg 72,1,295,211,5 
../学習データ/水増しデータ/調整データ/通常/品種/image/5_ブドウ/6_ルビーロマン/244.2_000000000280.jpg 556,295,725,490,5 
../学習データ/水増しデータ/調整データ/通常/品種/image/5_ブドウ/6_ルビーロマン/280.0000058041.jpg 71,1,1117,1535,5 
../学習データ/水増しデータ/調整データ/通常/品種/image/5_ブドウ/6_ルビーロマン/134.img03.jpg 381,58,501,267,5 
../学習データ/水増しデータ/調整データ/通常/品種/image/5_ブドウ/6_ルビーロマン/19.rubynew-top.jpg 50,151,426,824,5 
../学習データ/水増しデータ/調整データ/通常/品種/image/5_ブドウ/6_ルビーロマン/74.dff524af463ddc9cb1308a66ea2c5b45.jpg 474,1,1195,956,5 
../学習データ/水増しデータ/調整データ/通常/品種/image/5_ブドウ/6_ルビーロマン/1.slide02.jpg 253,6,1182,786,5 
../学習データ/水増しデータ/調整データ/通常/品種/image/5_ブドウ/6_ルビーロマン/59.IMG_1629.jpg 116,674,215,725,5 400,582,498,701,5 342,523,399,588,5 322,550,368,590,5 262,524,299,581,5 129,561,236,658,5 99,541,121,604,5 71,553,97,587,5 45,545,69,582,5 
../学習データ/水増しデータ/調整データ/通常/品種/image/5_ブドウ/6_ルビーロマン/251.RubyRoman13[3840x5760].jpg 76,7,570,961,5 
../学習データ/水増しデータ/調整データ/通常/品種/image/5_ブドウ/6_ルビーロマン/166.rubyroman1.jpg 37,42,174,223,5 
../学習データ/水増しデータ/調整データ/通常/品種/image/5_ブドウ/6_ルビーロマン/151.rubi-roman-300x300.jpg 25,26,273,250,5 
../学習データ/水増しデータ/調整データ/通常/品種/image/5_ブドウ/6_ルビーロマン/139.rubi12tubu01.jpg 149,342,256,430,5 288,321,388,408,5 236,218,324,303,5 112,238,207,329,5 347,203,431,285,5 467,318,486,338,5 423,380,453,406,5 459,374,486,400,5 484,366,511,393,5 495,399,521,423,5 470,404,493,428,5 430,412,465,439,5 
../学習データ/水増しデータ/調整データ/通常/品種/image/5_ブドウ/6_ルビーロマン/54.img_rubyroman.jpg 45,86,95,164,5 89,17,222,191,5 
../学習データ/水増しデータ/調整データ/通常/品種/image/5_ブドウ/6_ルビーロマン/29.201008201916288.jpg 113,15,382,377,5 
../学習データ/水増しデータ/調整データ/通常/品種/image/5_ブドウ/6_ルビーロマン/8.rubyroman_withbox43.jpg 96,60,286,287,5 
../学習データ/水増しデータ/調整データ/通常/品種/image/5_ブドウ/6_ルビーロマン/51.20190712rubiroman.jpg 207,221,489,533,5 
../学習データ/水増しデータ/調整データ/通常/品種/image/5_ブドウ/6_ルビーロマン/264.e7bd65610b15b609dfe3e3a3ca79866a-575x380.jpg 101,3,480,380,5 
../学習データ/水増しデータ/調整データ/通常/品種/image/5_ブドウ/6_ルビーロマン/114.E20170707001_1main.jpg 127,157,286,387,5 
../学習データ/水増しデータ/調整データ/通常/品種/image/5_ブドウ/6_ルビーロマン/113.2012111815461807204.jpg 436,83,628,270,5 240,3,455,270,5 38,136,176,270,5 
../学習データ/水増しデータ/調整データ/通常/品種/image/5_ブドウ/6_ルビーロマン/18.ruby-roman-c4_02.jpg 1,2,407,661,5 
../学習データ/水増しデータ/調整データ/通常/品種/image/5_ブドウ/6_ルビーロマン/284.ruby-hitotu1.jpg 276,1,700,297,5 
../学習データ/水増しデータ/調整データ/通常/品種/image/5_ブドウ/6_ルビーロマン/160.RubyRoman21[5760x3840].jpg 33,89,490,602,5 476,117,927,558,5 
../学習データ/水増しデータ/調整データ/通常/品種/image/5_ブドウ/6_ルビーロマン/298.E20160829002_1main.jpg 64,207,419,420,5 
../学習データ/水増しデータ/調整データ/通常/品種/image/5_ブドウ/6_ルビーロマン/104.rubyroman_candy_top.jpg 388,1,639,352,5 
../学習データ/水増しデータ/調整データ/通常/品種/image/5_ブドウ/6_ルビーロマン/260._DSC984511.jpg 73,4,295,210,5 
../学習データ/水増しデータ/調整データ/通常/品種/image/5_ブドウ/6_ルビーロマン/291.e7bd65610b15b609dfe3e3a3ca79866a-575x380.jpg 108,1,485,379,5 
../学習データ/水増しデータ/調整データ/通常/品種/image/5_ブドウ/6_ルビーロマン/233.img_0531_a.jpg 114,16,1589,2337,5 
../学習データ/水増しデータ/調整データ/通常/品種/image/5_ブドウ/6_ルビーロマン/234.hqdefault.jpg 1,46,480,316,5 
../学習データ/水増しデータ/調整データ/通常/品種/image/5_ブドウ/6_ルビーロマン/43.maxresdefault.jpg 303,25,968,669,5 
../学習データ/水増しデータ/調整データ/通常/品種/image/5_ブドウ/6_ルビーロマン/39.83E5A1DB-3651-461E-A8FF-6F0064026AB5.jpg 391,345,1419,1753,5 
../学習データ/水増しデータ/調整データ/通常/品種/image/5_ブドウ/6_ルビーロマン/17.ruby-hikaku.jpg 33,68,409,686,5 416,113,701,532,2 
../学習データ/水増しデータ/調整データ/通常/品種/image/5_ブドウ/6_ルビーロマン/226.sty1607080022-f2.jpg 82,613,579,903,5 
../学習データ/水増しデータ/調整データ/通常/品種/image/5_ブドウ/6_ルビーロマン/223.477e9530cf130786deb692f11c267550.jpg 346,361,1201,1498,5 
../学習データ/水増しデータ/調整データ/通常/品種/image/5_ブドウ/6_ルビーロマン/281.img_0531_a.jpg 114,3,1600,2337,5 
../学習データ/水増しデータ/調整データ/通常/品種/image/5_ブドウ/6_ルビーロマン/56.img01.jpg 130,1,473,349,5 
../学習データ/水増しデータ/調整データ/通常/品種/image/5_ブドウ/6_ルビーロマン/53.rubiroman.jpg 7,6,232,316,5 
../学習データ/水増しデータ/調整データ/通常/品種/image/5_ブドウ/6_ルビーロマン/133.rubyroman3.jpg 22,17,266,275,5 
../学習データ/水増しデータ/調整データ/通常/品種/image/5_ブドウ/6_ルビーロマン/294.ruby-dsc409.jpg 61,151,662,607,5 59,149,660,605,5 
../学習データ/水増しデータ/調整データ/通常/品種/image/5_ブドウ/6_ルビーロマン/117.20200724-00000001-hokuriku-000-1-view.jpg 226,448,335,598,5 27,688,202,850,5 220,718,429,939,5 475,611,592,755,5 507,762,682,942,5 
../学習データ/水増しデータ/調整データ/通常/品種/image/5_ブドウ/6_ルビーロマン/28.ruby-roman-c3b_02.jpg 1,1,353,433,5 13,321,390,647,5 
../学習データ/水増しデータ/調整データ/通常/品種/image/5_ブドウ/6_ルビーロマン/182.rubyroman.jpg 28,1,523,477,5 
../学習データ/水増しデータ/調整データ/通常/品種/image/5_ブドウ/6_ルビーロマン/261.20190828_155327.jpg 103,456,1584,2812,5 2362,337,3865,2834,5 
../学習データ/水増しデータ/調整データ/通常/品種/image/5_ブドウ/6_ルビーロマン/15.600_1.jpg 1,36,299,297,5 
../学習データ/水増しデータ/調整データ/通常/品種/image/5_ブドウ/6_ルビーロマン/57.maxresdefault.jpg 429,70,960,675,5 
../学習データ/水増しデータ/調整データ/通常/品種/image/5_ブドウ/6_ルビーロマン/21.header_sp.jpg 1,1,658,618,5 
../学習データ/水増しデータ/調整データ/通常/品種/image/5_ブドウ/6_ルビーロマン/4.ruby-top.jpg 56,261,475,878,5 
../学習データ/水増しデータ/調整データ/通常/品種/image/5_ブドウ/6_ルビーロマン/270.rubiiroman.jpg 103,80,281,241,5 
../学習データ/水増しデータ/調整データ/通常/品種/image/5_ブドウ/6_ルビーロマン/170.budou.jpg 23,30,515,433,5 
../学習データ/水増しデータ/調整データ/通常/品種/image/5_ブドウ/6_ルビーロマン/142.ruby-kesyo1kg.jpg 99,3,300,311,5 
../学習データ/水増しデータ/調整データ/通常/品種/image/5_ブドウ/6_ルビーロマン/137.o0515038613422911475.jpg 173,10,456,336,5 
../学習データ/水増しデータ/調整データ/通常/品種/image/5_ブドウ/6_ルビーロマン/181.477e9530cf130786deb692f11c267550.jpg 346,344,1212,1506,5 
../学習データ/水増しデータ/調整データ/通常/品種/image/5_ブドウ/6_ルビーロマン/23.20120618rubi-05.jpg 191,109,700,445,5 
../学習データ/水増しデータ/調整データ/通常/品種/image/5_ブドウ/6_ルビーロマン/124.rubiroman_image2-thumb-360x178-21800.jpg 38,26,136,133,5 301,83,344,128,0 180,39,261,135,1 
../学習データ/水増しデータ/調整データ/通常/品種/image/5_ブドウ/4_安芸クイーン/52.aki_queen-thumb-autox176-74.jpg 1,1,126,176,3 
../学習データ/水増しデータ/調整データ/通常/品種/image/5_ブドウ/4_安芸クイーン/246.img56578894.jpg 39,48,148,165,3 115,21,229,118,3 182,102,304,196,3 99,134,240,242,3 
../学習データ/水増しデータ/調整データ/通常/品種/image/5_ブドウ/4_安芸クイーン/157.0285.jpg 1,1,311,425,3 
../学習データ/水増しデータ/調整データ/通常/品種/image/5_ブドウ/4_安芸クイーン/1.img-red05b.jpg 11,1,201,217,3 
../学習データ/水増しデータ/調整データ/通常/品種/image/5_ブドウ/4_安芸クイーン/53.taki20160807.jpg 449,50,1338,1095,3 
../学習データ/水増しデータ/調整データ/通常/品種/image/5_ブドウ/4_安芸クイーン/233.0000065713.jpg 1,1,800,600,3 
../学習データ/水増しデータ/調整データ/通常/品種/image/5_ブドウ/4_安芸クイーン/284.104-4.jpg 191,19,472,445,3 
../学習データ/水増しデータ/調整データ/通常/品種/image/5_ブドウ/4_安芸クイーン/286.6595875.jpg 213,21,354,283,3 76,97,183,289,3 
../学習データ/水増しデータ/調整データ/通常/品種/image/5_ブドウ/4_安芸クイーン/261.budougari07.jpg 3,6,180,143,3 
../学習データ/水増しデータ/調整データ/通常/品種/image/5_ブドウ/4_安芸クイーン/154.akiqueen_s.jpg 11,0,153,153,3 142,0,227,153,3 
../学習データ/水増しデータ/調整データ/通常/品種/image/5_ブドウ/4_安芸クイーン/120.2e1755aa84bd3adee38fdc0f25e4526a.jpg 1083,146,1629,607,3 316,551,757,1133,3 399,235,1010,613,3 795,577,1321,1141,3 1260,621,1674,1150,3 
../学習データ/水増しデータ/調整データ/通常/品種/image/5_ブドウ/4_安芸クイーン/190.0331.jpg 501,182,640,478,3 317,99,547,452,3 9,9,296,456,3 
../学習データ/水増しデータ/調整データ/通常/品種/image/5_ブドウ/4_安芸クイーン/110.aki.jpg 129,4,680,1133,3 
../学習データ/水増しデータ/調整データ/通常/品種/image/5_ブドウ/4_安芸クイーン/204.grape_013.jpg 21,11,200,159,3 
../学習データ/水増しデータ/調整データ/通常/品種/image/5_ブドウ/4_安芸クイーン/186.queennina.jpg 20,24,380,353,3 
../学習データ/水増しデータ/調整データ/通常/品種/image/5_ブドウ/4_安芸クイーン/6.akiqueen_kajitu.jpg 23,21,205,314,3 
../学習データ/水増しデータ/調整データ/通常/品種/image/5_ブドウ/4_安芸クイーン/118.akiqueen.jpg 103,41,320,330,3 
../学習データ/水増しデータ/調整データ/通常/品種/image/5_ブドウ/4_安芸クイーン/54.top.jpg 226,168,637,474,3 37,25,441,407,3 
../学習データ/水増しデータ/調整データ/通常/品種/image/5_ブドウ/4_安芸クイーン/219.2005183-p1.jpg 400,28,479,142,3 224,26,302,144,3 47,20,130,146,3 
../学習データ/水増しデータ/調整データ/通常/品種/image/5_ブドウ/4_安芸クイーン/265.grape4_29.jpg 4,16,232,396,2 224,5,448,407,3 
../学習データ/水増しデータ/調整データ/通常/品種/image/5_ブドウ/4_安芸クイーン/165.00799_2009_0821_IMG_7355.jpg 90,22,334,252,3 
../学習データ/水増しデータ/調整データ/通常/品種/image/5_ブドウ/4_安芸クイーン/62.akiq1ueen2-632x588.jpg 230,0,524,577,3 
../学習データ/水増しデータ/調整データ/通常/品種/image/5_ブドウ/4_安芸クイーン/134.aki1.jpg 35,12,193,301,3 
../学習データ/水増しデータ/調整データ/通常/品種/image/5_ブドウ/4_安芸クイーン/60.000000049751-01-l.jpg 114,1,799,791,3 
../学習データ/水増しデータ/調整データ/通常/品種/image/5_ブドウ/4_安芸クイーン/27.maxresdefault.jpg 212,29,601,679,3 
../学習データ/水増しデータ/調整データ/通常/品種/image/5_ブドウ/4_安芸クイーン/87.AKQ_01S-380x380.jpg 91,53,226,255,3 178,149,275,316,3 
../学習データ/水増しデータ/調整データ/通常/品種/image/5_ブドウ/4_安芸クイーン/11.aki01.jpg 120,1,613,455,3 579,208,700,520,3 
../学習データ/水増しデータ/調整データ/通常/品種/image/5_ブドウ/4_安芸クイーン/226.g6.jpg 82,1,943,564,3 
../学習データ/水増しデータ/調整データ/通常/品種/image/5_ブドウ/4_安芸クイーン/276.aa659ba1fa294f4a5649833f00bd7609.jpg 82,61,168,219,3 
../学習データ/水増しデータ/調整データ/通常/品種/image/5_ブドウ/4_安芸クイーン/253.edcb81f0da5bcd72307a4095c7cf98c2.jpg 12,21,596,446,3 
../学習データ/水増しデータ/調整データ/通常/品種/image/5_ブドウ/4_安芸クイーン/75.akikui-nn-1.jpg 1,2,479,480,3 
../学習データ/水増しデータ/調整データ/通常/品種/image/5_ブドウ/4_安芸クイーン/2.akiqueen.jpg 46,78,449,683,3 
../学習データ/水増しデータ/調整データ/通常/品種/image/5_ブドウ/4_安芸クイーン/65.maxresdefault.jpg 1,131,132,519,3 383,64,736,636,3 
../学習データ/水増しデータ/調整データ/通常/品種/image/5_ブドウ/4_安芸クイーン/90.akiqueen.jpg 15,6,229,239,3 
../学習データ/水増しデータ/調整データ/通常/品種/image/5_ブドウ/4_安芸クイーン/85.akiqeen-225x300.jpg 30,5,195,297,3 
../学習データ/水増しデータ/調整データ/通常/品種/image/5_ブドウ/4_安芸クイーン/160.34167454.jpg 58,18,265,385,3 
../学習データ/水増しデータ/調整データ/通常/品種/image/5_ブドウ/4_安芸クイーン/210.70890017_o1.jpg 300,1,506,346,3 
../学習データ/水増しデータ/調整データ/通常/品種/image/5_ブドウ/4_安芸クイーン/178.69455811.jpg 1,13,180,167,3 
../学習データ/水増しデータ/調整データ/通常/品種/image/5_ブドウ/4_安芸クイーン/41.002.jpg 1,5,560,299,3 
../学習データ/水増しデータ/調整データ/通常/品種/image/5_ブドウ/4_安芸クイーン/275.57670076_04_web.jpg 188,0,492,399,3 
../学習データ/水増しデータ/調整データ/通常/品種/image/5_ブドウ/4_安芸クイーン/201.grape_53.jpg 60,1,345,421,3 
../学習データ/水増しデータ/調整データ/通常/品種/image/5_ブドウ/4_安芸クイーン/250.IMG_23671.jpg 41,18,143,203,3 
../学習データ/水増しデータ/調整データ/通常/品種/image/5_ブドウ/4_安芸クイーン/242.2e0b694c53ab3916931d2498ca76b3c6.jpg 37,30,173,286,3 
../学習データ/水増しデータ/調整データ/通常/品種/image/5_ブドウ/4_安芸クイーン/16.akiqueen8.31-632x843.jpg 176,8,626,765,3 
../学習データ/水増しデータ/調整データ/通常/品種/image/5_ブドウ/4_安芸クイーン/243.budougari08.jpg 7,1,180,149,3 
../学習データ/水増しデータ/調整データ/通常/品種/image/5_ブドウ/4_安芸クイーン/268.akiqueen906.jpg 150,3,536,684,3 
../学習データ/水増しデータ/調整データ/通常/品種/image/5_ブドウ/4_安芸クイーン/251.126-00300sq.jpg 450,357,550,422,3 1,54,578,578,3 385,414,465,526,3 454,447,531,550,3 
../学習データ/水増しデータ/調整データ/通常/品種/image/5_ブドウ/4_安芸クイーン/272.oiipioooio018_e.jpg 121,11,612,319,3 
../学習データ/水増しデータ/調整データ/通常/品種/image/5_ブドウ/4_安芸クイーン/24.queennina.jpg 45,18,760,1043,3 
../学習データ/水増しデータ/調整データ/通常/品種/image/5_ブドウ/4_安芸クイーン/57.320-1.jpg 201,122,274,218,3 3,34,99,228,3 101,9,212,230,3 
../学習データ/水増しデータ/調整データ/通常/品種/image/5_ブドウ/4_安芸クイーン/49.akikuin02_2.jpg 290,131,391,323,3 126,29,248,260,3 
../学習データ/水増しデータ/調整データ/通常/品種/image/5_ブドウ/4_安芸クイーン/254.2005183-p1.jpg 400,28,477,134,3 224,26,304,136,3 47,20,129,138,3 123,6,164,139,3 204,76,217,100,3 295,64,317,106,3 
../学習データ/水増しデータ/調整データ/通常/品種/image/5_ブドウ/4_安芸クイーン/92.121748148.jpg 1,94,540,509,3 
../学習データ/水増しデータ/調整データ/通常/品種/image/5_ブドウ/4_安芸クイーン/101.de140282c118d3aa2617ef9edd9aa741.jpg 534,220,653,463,3 664,165,788,466,3 512,448,756,600,3 616,17,717,238,3 236,402,368,579,3 
../学習データ/水増しデータ/調整データ/通常/品種/image/5_ブドウ/4_安芸クイーン/149.b5e23d8f96b3c5ccbb1a6596d6dc6c4b-e1541385736741.jpg 116,45,503,340,3 
../学習データ/水増しデータ/調整データ/通常/品種/image/5_ブドウ/4_安芸クイーン/166.budou16.jpg 374,116,507,321,3 179,85,280,231,3 622,86,740,263,3 5,111,222,398,3 462,96,562,177,3 
../学習データ/水増しデータ/調整データ/通常/品種/image/5_ブドウ/4_安芸クイーン/237.7cd2b2b8d2d6555dd2bc8876f4783eb9.jpg 72,35,640,471,3 
../学習データ/水増しデータ/調整データ/通常/品種/image/5_ブドウ/4_安芸クイーン/44.aki03.jpg 344,30,698,240,3 
../学習データ/水増しデータ/調整データ/通常/品種/image/5_ブドウ/4_安芸クイーン/191.g6.jpg 83,1,942,566,3 
../学習データ/水増しデータ/調整データ/通常/品種/image/5_ブドウ/4_安芸クイーン/249.59795610.jpg 205,150,264,222,3 302,82,388,190,3 108,17,218,253,3 24,144,88,203,3 
../学習データ/水増しデータ/調整データ/通常/品種/image/5_ブドウ/4_安芸クイーン/3.20030909163241.jpg 128,34,339,351,3 
../学習データ/水増しデータ/調整データ/通常/品種/image/5_ブドウ/4_安芸クイーン/23.img-rd-grape02.jpg 1,24,129,216,3 
../学習データ/水増しデータ/調整データ/通常/品種/image/5_ブドウ/4_安芸クイーン/72.akiqueen.jpg 184,32,463,439,3 
../学習データ/水増しデータ/調整データ/通常/品種/image/5_ブドウ/4_安芸クイーン/43.77245341.jpg 66,1,499,418,3 
../学習データ/水増しデータ/調整データ/通常/品種/image/5_ブドウ/4_安芸クイーン/15.aki02.jpg 224,78,341,238,3 7,166,63,273,3 55,78,196,260,3 139,215,252,290,3 
../学習データ/水増しデータ/調整データ/通常/品種/image/5_ブドウ/4_安芸クイーン/162.budou_akikui-n4.jpg 88,25,339,591,3 
../学習データ/水増しデータ/調整データ/通常/品種/image/5_ブドウ/4_安芸クイーン/136.9f7a8de789d6114816325d3945b57e6e.jpg 62,1,249,212,3 
../学習データ/水増しデータ/調整データ/通常/品種/image/5_ブドウ/4_安芸クイーン/282.59795610.jpg 205,147,265,222,3 307,81,391,173,3 108,17,218,253,3 
../学習データ/水増しデータ/調整データ/通常/品種/image/5_ブドウ/4_安芸クイーン/175.7972377_S-min.jpg 96,62,540,364,3 
../学習データ/水増しデータ/調整データ/通常/品種/image/5_ブドウ/4_安芸クイーン/222.34167457.jpg 213,0,384,292,3 
../学習データ/水増しデータ/調整データ/通常/品種/image/5_ブドウ/4_安芸クイーン/262.g-207.jpg 237,44,512,569,3 
../学習データ/水増しデータ/調整データ/通常/品種/image/5_ブドウ/4_安芸クイーン/252.img60731409.jpg 65,13,417,500,3 
../学習データ/水増しデータ/調整データ/通常/品種/image/5_ブドウ/4_安芸クイーン/255.s-PICT0413_20110701225639.jpg 26,205,136,300,3 87,23,281,269,3 
../学習データ/水増しデータ/調整データ/通常/品種/image/5_ブドウ/4_安芸クイーン/203.pioqueen.jpg 30,8,215,264,3 261,40,423,261,3 
../学習データ/水増しデータ/調整データ/通常/品種/image/5_ブドウ/4_安芸クイーン/231.70890529.jpg 2,11,55,164,2 54,17,126,159,3 
../学習データ/水増しデータ/調整データ/通常/品種/image/5_ブドウ/4_安芸クイーン/158.fb2ef78cc30c20e7d722c4a4ba0bcec7.jpg 5,46,101,128,3 151,50,244,138,3 57,18,108,63,3 301,25,358,78,3 96,38,157,124,3 241,20,296,69,3 115,12,163,54,3 175,16,223,62,3 240,78,304,147,3 317,72,376,147,3 
../学習データ/水増しデータ/調整データ/通常/品種/image/5_ブドウ/4_安芸クイーン/260.6b3a4776e16c3ff0fd1e0893a9a4ab36-236x300.jpg 4,9,235,221,3 
../学習データ/水増しデータ/調整データ/通常/品種/image/5_ブドウ/4_安芸クイーン/159.DSC_6140.jpg 91,1,431,326,3 
../学習データ/水増しデータ/調整データ/通常/品種/image/5_ブドウ/4_安芸クイーン/236.ouloo014_e.jpg 140,35,488,386,3 
../学習データ/水増しデータ/調整データ/通常/品種/image/5_ブドウ/4_安芸クイーン/163.brand_pic1_02.jpg 14,36,133,131,3 128,5,223,133,3 62,3,137,51,3 
../学習データ/水増しデータ/調整データ/通常/品種/image/5_ブドウ/4_安芸クイーン/112.vine05.jpg 34,2,174,207,3 
../学習データ/水増しデータ/調整データ/通常/品種/image/5_ブドウ/4_安芸クイーン/171.akiqeen.jpg 60,5,506,522,3 
../学習データ/水増しデータ/調整データ/通常/品種/image/5_ブドウ/4_安芸クイーン/164.03.jpg 16,8,191,253,3 
../学習データ/水増しデータ/調整データ/通常/品種/image/5_ブドウ/4_安芸クイーン/86.wpid-DSC_0182.jpg 164,1,325,267,3 
../学習データ/水増しデータ/調整データ/通常/品種/image/5_ブドウ/4_安芸クイーン/104.7ecff9c73eb7e65727f3809326912db4.jpg 338,210,1534,956,3 
../学習データ/水増しデータ/調整データ/通常/品種/image/5_ブドウ/4_安芸クイーン/278.20160828%25E5%25AE%2589%25E8%258A%25B8%25E3%2582%25AF%25E3%2582%25A4%25E3%2583%25BC%25E3%2583%25B3%25E5%2591%25B3.jpg 120,3,287,252,3 
../学習データ/水増しデータ/調整データ/通常/品種/image/5_ブドウ/4_安芸クイーン/173.akikui-nn.jpg 33,13,201,268,3 
../学習データ/水増しデータ/調整データ/通常/品種/image/5_ブドウ/4_安芸クイーン/293.00747_2007_0821_IMG_5328.jpg 27,16,192,135,3 
../学習データ/水増しデータ/調整データ/通常/品種/image/5_ブドウ/4_安芸クイーン/156.20181105_1203496.jpg 113,255,268,435,3 124,46,297,216,3 382,209,566,463,3 300,36,410,223,3 264,250,413,435,3 1,1,114,210,3 1,217,127,454,3 436,14,568,178,3 
../学習データ/水増しデータ/調整データ/通常/品種/image/5_ブドウ/4_安芸クイーン/33.1036%E5%AE%89%E8%8A%B8%E3%82%AF%E3%82%A4%E3%83%BC%E3%83%B3-thumb-800xauto-57.jpg 274,51,590,463,3 
../学習データ/水増しデータ/調整データ/通常/品種/image/5_ブドウ/4_安芸クイーン/51.3b9eaab6-s.jpg 0,0,367,489,3 
../学習データ/水増しデータ/調整データ/通常/品種/image/5_ブドウ/4_安芸クイーン/50.t02200165_0640048010784610524.jpg 1,1,220,164,3 
../学習データ/水増しデータ/調整データ/通常/品種/image/5_ブドウ/4_安芸クイーン/248.kakouhin-cider_3.jpg 80,1,298,219,3 
../学習データ/水増しデータ/調整データ/通常/品種/image/5_ブドウ/4_安芸クイーン/145.akiqeen.jpg 60,5,491,524,3 
../学習データ/水増しデータ/調整データ/通常/品種/image/5_ブドウ/4_安芸クイーン/220.aki-ki600-rakuten.jpg 53,129,563,746,3 
../学習データ/水増しデータ/調整データ/通常/品種/image/5_ブドウ/4_安芸クイーン/295.img60731409.jpg 65,0,415,500,3 
../学習データ/水増しデータ/調整データ/通常/品種/image/5_ブドウ/4_安芸クイーン/13.DSC_0534.jpg 590,12,1808,1595,3 
../学習データ/水増しデータ/調整データ/通常/品種/image/5_ブドウ/4_安芸クイーン/135.akiqueen200809.jpg 82,18,272,272,3 
../学習データ/水増しデータ/調整データ/通常/品種/image/5_ブドウ/4_安芸クイーン/300.o0480036013739128808.jpg 1,26,477,360,3 
../学習データ/水増しデータ/調整データ/通常/品種/image/5_ブドウ/4_安芸クイーン/83.akiqueen.jpg 318,48,1014,376,3 
../学習データ/水増しデータ/調整データ/通常/品種/image/5_ブドウ/4_安芸クイーン/138.maxresdefault.jpg 521,40,883,613,3 
../学習データ/水増しデータ/調整データ/通常/品種/image/5_ブドウ/4_安芸クイーン/259.f-akiqueen_02.jpg 45,301,665,662,3 
../学習データ/水増しデータ/調整データ/通常/品種/image/5_ブドウ/4_安芸クイーン/224.g-207.jpg 237,7,483,569,3 
../学習データ/水増しデータ/調整データ/通常/品種/image/5_ブドウ/4_安芸クイーン/150.70890529_o1.jpg 1,11,183,359,2 183,12,365,357,3 
../学習データ/水増しデータ/調整データ/通常/品種/image/5_ブドウ/4_安芸クイーン/14.aki.jpg 22,8,244,285,3 
../学習データ/水増しデータ/調整データ/通常/品種/image/5_ブドウ/4_安芸クイーン/174.018_eoiipioo.jpg 316,53,671,552,3 
../学習データ/水増しデータ/調整データ/通常/品種/image/5_ブドウ/4_安芸クイーン/32.32253_20130613103406-1.jpg 12,2,210,312,3 
../学習データ/水増しデータ/調整データ/通常/品種/image/5_ブドウ/4_安芸クイーン/25.akikui-n.jpg 26,16,274,395,3 
../学習データ/水増しデータ/調整データ/通常/品種/image/5_ブドウ/4_安芸クイーン/146.queennina.jpg 211,16,413,350,3 
../学習データ/水増しデータ/調整データ/通常/品種/image/5_ブドウ/4_安芸クイーン/116.34167456.jpg 77,25,265,362,3 
../学習データ/水増しデータ/調整データ/通常/品種/image/5_ブドウ/4_安芸クイーン/288.ef5a466c4b51abc3e9bb06116a6b1eb6.jpg 1,2,226,280,3 
../学習データ/水増しデータ/調整データ/通常/品種/image/5_ブドウ/4_安芸クイーン/18.img_6082.jpg 189,67,429,432,3 
../学習データ/水増しデータ/調整データ/通常/品種/image/5_ブドウ/4_安芸クイーン/9.shokumiakiqueen.jpg 14,1,458,698,3 
../学習データ/水増しデータ/調整データ/通常/品種/image/5_ブドウ/4_安芸クイーン/179.b5e23d8f96b3c5ccbb1a6596d6dc6c4b-e1541385736741.jpg 118,42,502,345,3 
../学習データ/水増しデータ/調整データ/通常/品種/image/5_ブドウ/4_安芸クイーン/121.akinu01.jpg 25,103,176,220,3 1,2,572,300,3 
../学習データ/水増しデータ/調整データ/通常/品種/image/5_ブドウ/4_安芸クイーン/232.grape4_29.jpg 1,54,232,396,2 217,33,450,407,3 
../学習データ/水増しデータ/調整データ/通常/品種/image/5_ブドウ/4_安芸クイーン/189.brand_pic1_02.jpg 14,35,133,131,3 132,5,223,133,3 60,4,137,51,3 
../学習データ/水増しデータ/調整データ/通常/品種/image/5_ブドウ/4_安芸クイーン/7.img56542078.jpg 21,59,675,456,3 
../学習データ/水増しデータ/調整データ/通常/品種/image/5_ブドウ/4_安芸クイーン/105.43285744.jpg 96,68,338,272,3 
../学習データ/水増しデータ/調整データ/通常/品種/image/5_ブドウ/4_安芸クイーン/91.b_hinsyu01.jpg 1,137,57,232,3 240,89,261,136,3 125,49,201,190,3 187,118,210,158,3 261,63,291,85,3 
../学習データ/水増しデータ/調整データ/通常/品種/image/5_ブドウ/4_安芸クイーン/168.grape_53.jpg 62,24,343,415,3 
../学習データ/水増しデータ/調整データ/通常/品種/image/5_ブドウ/4_安芸クイーン/4.02307429_l1.jpg 118,20,600,515,3 
../学習データ/水増しデータ/調整データ/通常/品種/image/5_ブドウ/4_安芸クイーン/170.20180919041002.jpg 176,16,705,385,3 
