../学習データ/調整データv2/品種/image/1_リンゴ/8_金星/4.jpg 231,21,478,267,7 22,29,249,264,7 
../学習データ/調整データv2/品種/image/1_リンゴ/8_金星/235.2019-appleW1608-1.jpg 227,154,338,246,7 199,216,327,305,3 341,190,460,274,1 377,61,487,125,2 250,91,357,156,1 
../学習データ/調整データv2/品種/image/1_リンゴ/8_金星/149.kinsei.jpg 26,33,166,154,7 
../学習データ/調整データv2/品種/image/1_リンゴ/8_金星/195.kinsei_mutai.jpg 14,33,354,332,7 
../学習データ/調整データv2/品種/image/1_リンゴ/8_金星/249.mix8_hinsyu.jpg 504,496,626,634,1 294,515,414,627,7 295,71,454,219,4 486,84,654,225,3 103,84,242,223,1 
../学習データ/調整データv2/品種/image/1_リンゴ/8_金星/105.20150625_1159815.jpg 311,17,646,326,7 
../学習データ/調整データv2/品種/image/1_リンゴ/8_金星/84.84019161.jpg 42,156,355,400,7 210,1,390,212,7 
../学習データ/調整データv2/品種/image/1_リンゴ/8_金星/246.67304907_th.jpg 1,1,118,169,7 133,68,320,262,7 
../学習データ/調整データv2/品種/image/1_リンゴ/8_金星/156.kinsei_w.jpg 53,71,306,315,7 
../学習データ/調整データv2/品種/image/1_リンゴ/8_金星/28.84019161.jpg 42,156,355,400,7 210,1,390,212,7 
../学習データ/調整データv2/品種/image/1_リンゴ/8_金星/54.kinsei_h.jpg 38,57,318,333,7 
../学習データ/調整データv2/品種/image/1_リンゴ/8_金星/104.apple-Kinsei32.jpg 39,86,232,294,7 231,27,467,314,7 
../学習データ/調整データv2/品種/image/1_リンゴ/8_金星/270.apple_kinsei.jpg 67,46,148,139,7 22,3,105,98,7 
../学習データ/調整データv2/品種/image/1_リンゴ/8_金星/230.5b0450bfb0707489769c3f80eaed4b4e.jpg 186,172,525,465,7 352,23,582,227,4 129,32,348,248,1 
../学習データ/調整データv2/品種/image/1_リンゴ/8_金星/221.ap_kinsei.jpg 11,94,181,298,7 
../学習データ/調整データv2/品種/image/1_リンゴ/8_金星/276.kinsei.jpg 50,24,193,173,7 
../学習データ/調整データv2/品種/image/1_リンゴ/8_金星/184.ap_kinsei.jpg 11,94,181,298,7 
../学習データ/調整データv2/品種/image/1_リンゴ/8_金星/45.kinsei5home.jpg 67,23,349,319,7 
../学習データ/調整データv2/品種/image/1_リンゴ/8_金星/141.sannkinnsei-150.jpg 109,26,193,117,7 4,21,94,116,7 
../学習データ/調整データv2/品種/image/1_リンゴ/8_金星/259.apple-syoukai_sunkinsei.jpg 756,59,919,209,7 
../学習データ/調整データv2/品種/image/1_リンゴ/8_金星/15.jpg 0,79,52,140,7 44,39,102,85,7 65,112,147,170,7 146,99,217,155,7 56,74,120,119,7 121,57,181,123,7 
../学習データ/調整データv2/品種/image/1_リンゴ/8_金星/109.fr-kinsei3.jpg 24,270,312,548,7 429,250,705,516,7 560,87,823,333,7 724,246,987,501,7 
../学習データ/調整データv2/品種/image/1_リンゴ/8_金星/290.20171225155045.jpg 0,215,73,357,7 422,225,477,356,7 344,118,476,236,7 258,224,397,381,7 189,114,323,240,7 326,363,480,476,7 41,90,170,233,7 89,216,238,382,7 0,347,152,473,7 160,357,309,476,7 
../学習データ/調整データv2/品種/image/1_リンゴ/8_金星/9.jpg 3,71,137,191,7 140,68,252,194,7 65,1,126,65,7 140,1,211,51,7 197,21,258,99,7 3,71,137,191,7 3,21,87,89,7 89,14,188,86,7 
../学習データ/調整データv2/品種/image/1_リンゴ/8_金星/271.10-10kg-10kg-3280.jpg 0,139,84,329,7 71,210,250,358,7 190,79,356,265,7 
../学習データ/調整データv2/品種/image/1_リンゴ/8_金星/181.25_apple_kinsei11.jpg 131,44,358,280,7 
../学習データ/調整データv2/品種/image/1_リンゴ/8_金星/158.kinsei_yutai.jpg 16,118,185,285,7 
../学習データ/調整データv2/品種/image/1_リンゴ/8_金星/19.kinsei-08.jpg 336,30,671,387,7 
../学習データ/調整データv2/品種/image/1_リンゴ/8_金星/111.IMG_6813-e1488625473319-768x1024.jpg 599,835,724,961,7 274,642,376,737,7 216,853,333,978,7 572,687,687,787,7 368,674,502,792,7 262,733,392,857,7 335,837,459,954,7 144,751,274,873,7 200,566,316,669,7 519,529,628,639,7 131,943,264,1024,7 303,538,403,631,7 447,548,524,631,7 374,521,449,597,7 197,516,307,578,7 172,672,282,757,7 530,764,631,881,7 640,746,740,849,7 422,748,525,853,7 534,918,629,1017,7 425,894,522,1003,7 
../学習データ/調整データv2/品種/image/1_リンゴ/8_金星/274.20171214175203.jpg 382,4,661,221,7 223,207,472,511,7 0,228,229,497,7 563,217,806,506,7 89,0,392,262,7 649,0,949,241,7 
../学習データ/調整データv2/品種/image/1_リンゴ/8_金星/1.jpg 28,34,339,331,7 
../学習データ/調整データv2/品種/image/1_リンゴ/8_金星/16.101118kinsei.jpg 23,22,222,216,7 
../学習データ/調整データv2/品種/image/1_リンゴ/8_金星/220.kinsei.jpg 7,80,181,279,7 
../学習データ/調整データv2/品種/image/1_リンゴ/8_金星/162.image294537_578_578.jpg 275,163,410,265,1 170,200,380,396,7 
../学習データ/調整データv2/品種/image/1_リンゴ/8_金星/289.apple126_1.jpg 1,166,150,376,7 18,452,294,640,7 280,367,553,579,7 355,7,596,191,7 142,46,376,253,7 543,183,640,319,7 
../学習データ/調整データv2/品種/image/1_リンゴ/8_金星/234.apple_kinsei.jpg 67,46,148,139,7 22,3,105,98,7 
../学習データ/調整データv2/品種/image/1_リンゴ/8_金星/97.sankinsei_topimg.jpg 294,85,584,366,7 
../学習データ/調整データv2/品種/image/1_リンゴ/8_金星/32.sk_img.jpg 68,34,245,199,7 311,33,443,171,7 458,44,590,178,7 
../学習データ/調整データv2/品種/image/1_リンゴ/8_金星/11.jpg 25,30,136,143,7 136,26,255,141,7 
../学習データ/調整データv2/品種/image/1_リンゴ/8_金星/24.jpg 1,25,66,137,7 14,77,105,172,7 54,9,116,66,7 91,104,178,203,7 135,5,206,77,7 161,67,225,136,7 182,114,225,213,7 
../学習データ/調整データv2/品種/image/1_リンゴ/8_金星/258.category_desc19_image_vertical.jpg 76,107,515,515,7 
../学習データ/調整データv2/品種/image/1_リンゴ/8_金星/138.mikadukikinsei1.jpg 2,104,54,218,7 28,9,205,186,7 
../学習データ/調整データv2/品種/image/1_リンゴ/8_金星/115.84019161_o1.jpg 46,13,400,394,7 
../学習データ/調整データv2/品種/image/1_リンゴ/8_金星/180.kinsei.jpg 7,80,181,279,7 
../学習データ/調整データv2/品種/image/1_リンゴ/8_金星/6.jpg 79,44,227,179,7 4,40,120,155,7 
../学習データ/調整データv2/品種/image/1_リンゴ/8_金星/18.jpg 116,23,204,126,7 
../学習データ/調整データv2/品種/image/1_リンゴ/8_金星/21.jpg 16,6,289,298,7 
../学習データ/調整データv2/品種/image/1_リンゴ/8_金星/80.kinsei2016.jpg 398,139,565,354,7 294,44,453,143,7 282,132,502,348,7 15,140,181,308,7 212,185,402,358,7 116,176,244,356,7 8,232,156,371,7 
../学習データ/調整データv2/品種/image/1_リンゴ/8_金星/145.kinsei_topimg.jpg 352,79,675,428,7 
../学習データ/調整データv2/品種/image/1_リンゴ/8_金星/247.apple126_1.jpg 1,166,150,376,7 280,367,553,579,7 28,455,294,631,7 359,2,594,194,7 139,53,372,253,7 
../学習データ/調整データv2/品種/image/1_リンゴ/8_金星/228.sankinsei_gift53.jpg 73,46,381,362,7 
../学習データ/調整データv2/品種/image/1_リンゴ/8_金星/208.46984864.jpg 227,121,408,329,7 15,149,238,366,7 104,84,265,187,7 
../学習データ/調整データv2/品種/image/1_リンゴ/8_金星/10.kinsei1.jpg 28,42,182,173,7 
../学習データ/調整データv2/品種/image/1_リンゴ/8_金星/3.jpg 16,118,185,285,7 
../学習データ/調整データv2/品種/image/1_リンゴ/8_金星/144.kinsei-top-640-h25.jpg 553,0,638,134,7 339,99,466,231,7 492,122,615,260,7 
../学習データ/調整データv2/品種/image/1_リンゴ/8_金星/176.83104693.jpg 426,281,733,615,7 70,87,448,486,7 
../学習データ/調整データv2/品種/image/1_リンゴ/8_金星/237.mikaduki.jpg 45,70,164,194,7 
../学習データ/調整データv2/品種/image/1_リンゴ/8_金星/98.28382355.jpg 221,54,393,219,7 50,68,231,252,7 
../学習データ/調整データv2/品種/image/1_リンゴ/8_金星/153.apple-Kinsei25.jpg 93,22,405,331,7 
../学習データ/調整データv2/品種/image/1_リンゴ/8_金星/13.jpg 123,34,222,136,7 18,33,118,140,7 
../学習データ/調整データv2/品種/image/1_リンゴ/8_金星/12.jpg 40,1,225,187,7 
../学習データ/調整データv2/品種/image/1_リンゴ/8_金星/182.kinsei_yutai.jpg 16,118,185,285,7 
../学習データ/調整データv2/品種/image/1_リンゴ/8_金星/160.25_apple_kinsei11.jpg 131,44,358,280,7 
../学習データ/調整データv2/品種/image/1_リンゴ/8_金星/19.jpg 89,182,162,225,7 62,132,121,192,7 150,57,207,120,7 52,26,107,81,7 114,10,170,64,7 85,68,143,128,7 19,82,82,143,7 1,143,54,205,7 123,119,182,181,7 
../学習データ/調整データv2/品種/image/1_リンゴ/8_金星/143.apple_kinsei.jpg 401,142,557,340,7 401,142,557,340,7 124,193,275,359,7 9,129,183,292,7 256,42,403,180,7 243,167,441,368,7 8,244,156,372,7 
../学習データ/調整データv2/品種/image/1_リンゴ/8_金星/22.jpg 89,115,162,181,7 133,1,180,34,7 
../学習データ/調整データv2/品種/image/1_リンゴ/8_金星/7.jpg 26,50,189,208,7 
../学習データ/調整データv2/品種/image/1_リンゴ/8_金星/213.67304907_th.jpg 1,1,116,171,7 144,69,313,261,7 105,201,290,320,7 
../学習データ/調整データv2/品種/image/1_リンゴ/8_金星/6.apple-Kinsei09m.jpg 51,34,229,223,7 
../学習データ/調整データv2/品種/image/1_リンゴ/8_金星/209.d0007875_9465566.jpg 304,269,423,400,4 55,255,184,416,6 522,15,682,145,5 535,274,671,405,7 
../学習データ/調整データv2/品種/image/1_リンゴ/8_金星/5.jpg 36,30,129,126,7 79,57,181,163,7 143,21,233,123,7 
../学習データ/調整データv2/品種/image/1_リンゴ/8_金星/90.kinsei-06.jpg 8,2,148,88,7 14,64,203,249,7 167,23,326,190,7 
../学習データ/調整データv2/品種/image/1_リンゴ/8_金星/107.2016-11-22-99.jpg 76,91,347,367,7 
../学習データ/調整データv2/品種/image/1_リンゴ/8_金星/14.jpg 91,39,183,144,7 
../学習データ/調整データv2/品種/image/1_リンゴ/8_金星/10.jpg 1,21,52,136,7 7,155,102,223,7 95,129,188,216,7 176,103,222,202,7 189,62,222,107,7 125,1,207,67,7 42,16,134,93,7 
../学習データ/調整データv2/品種/image/1_リンゴ/8_金星/171.03sunkinsei_01.jpg 60,82,359,400,7 349,78,683,386,7 
../学習データ/調整データv2/品種/image/1_リンゴ/8_金星/99.kinsei_2-300x247.jpg 12,13,177,174,7 
../学習データ/調整データv2/品種/image/1_リンゴ/8_金星/100.28463383.jpg 183,32,357,229,7 
../学習データ/調整データv2/品種/image/1_リンゴ/8_金星/22.kinsei.jpg 1,19,396,403,7 
../学習データ/調整データv2/品種/image/1_リンゴ/8_金星/87.28444430.jpg 90,79,265,261,7 228,28,385,206,7 
../学習データ/調整データv2/品種/image/1_リンゴ/8_金星/205.kinsei_02.jpg 58,32,287,251,7 294,19,544,265,7 
../学習データ/調整データv2/品種/image/1_リンゴ/8_金星/20.kinsei1.jpg 157,44,392,282,7 
../学習データ/調整データv2/品種/image/1_リンゴ/8_金星/175.sannkinnsei-150.jpg 109,26,193,117,7 4,21,94,116,7 
../学習データ/調整データv2/品種/image/1_リンゴ/8_金星/85.kinsei_wakesubimg.jpg 786,118,967,309,7 
../学習データ/調整データv2/品種/image/1_リンゴ/8_金星/280.mix8_hinsyu.jpg 504,496,626,634,1 294,515,414,627,7 300,78,448,217,4 486,84,654,225,3 108,85,242,223,1 
../学習データ/調整データv2/品種/image/1_リンゴ/8_金星/106.28387886.jpg 199,26,361,202,7 98,90,285,271,7 
../学習データ/調整データv2/品種/image/1_リンゴ/8_金星/25.kinsei_moon.jpg 28,63,317,324,7 
../学習データ/調整データv2/品種/image/1_リンゴ/8_金星/91.apple-Kinsei23.jpg 253,30,475,250,7 26,28,253,263,7 
../学習データ/調整データv2/品種/image/1_リンゴ/8_金星/82.ringo-kinsei.jpg 375,54,617,284,7 
../学習データ/調整データv2/品種/image/1_リンゴ/8_金星/5.apple-Kinsei06.jpg 95,1,411,365,7 
../学習データ/調整データv2/品種/image/1_リンゴ/8_金星/152.kiou.jpg 18,51,326,316,7 
../学習データ/調整データv2/品種/image/1_リンゴ/2_ふじ/97.thumb_fuji_san_k.jpg 277,189,589,397,1 366,184,589,314,1 189,12,440,252,1 1,248,302,600,1 438,1,597,217,1 14,83,242,339,1 
../学習データ/調整データv2/品種/image/1_リンゴ/2_ふじ/4.jpg 71,1,164,90,1 
../学習データ/調整データv2/品種/image/1_リンゴ/2_ふじ/220.ri005.jpg 221,109,297,187,1 96,137,206,220,1 224,43,294,127,1 315,137,412,227,1 309,65,393,150,1 86,213,202,317,1 319,220,432,324,1 126,71,204,150,1 212,174,315,272,1 194,269,322,352,1 
../学習データ/調整データv2/品種/image/1_リンゴ/2_ふじ/154.huji_h.jpg 59,66,303,320,1 
../学習データ/調整データv2/品種/image/1_リンゴ/2_ふじ/25.jpg 2,1,205,218,1 
../学習データ/調整データv2/品種/image/1_リンゴ/2_ふじ/51.jpg 71,64,217,194,1 
../学習データ/調整データv2/品種/image/1_リンゴ/2_ふじ/84.sunfuji-.jpg 475,74,499,161,1 200,104,295,213,1 93,116,205,243,1 475,74,499,161,1 385,26,454,87,1 248,6,379,121,1 
../学習データ/調整データv2/品種/image/1_リンゴ/2_ふじ/27.jpg 45,98,127,182,1 113,49,202,140,1 
../学習データ/調整データv2/品種/image/1_リンゴ/2_ふじ/20.jpg 30,17,168,180,1 
../学習データ/調整データv2/品種/image/1_リンゴ/2_ふじ/51.apple_title.jpg 198,0,457,272,1 
../学習データ/調整データv2/品種/image/1_リンゴ/2_ふじ/73.fuji1.jpg 0,5,24,150,1 293,7,371,70,1 99,30,359,285,1 
../学習データ/調整データv2/品種/image/1_リンゴ/2_ふじ/41.jpg 48,56,89,87,1 19,16,85,72,1 161,110,224,176,1 87,158,186,207,1 17,151,83,207,1 87,22,155,62,1 
../学習データ/調整データv2/品種/image/1_リンゴ/2_ふじ/157.20161028-5kg-08.jpg 647,496,932,726,1 364,460,616,673,1 47,548,359,825,1 
../学習データ/調整データv2/品種/image/1_リンゴ/2_ふじ/12.sunfuji-wake3kg.jpg 350,46,675,375,1 46,64,396,457,1 
../学習データ/調整データv2/品種/image/1_リンゴ/2_ふじ/70.fujirin--770x513.jpg 41,68,141,157,1 350,209,429,288,1 568,173,598,230,1 133,323,207,408,1 439,326,500,410,1 350,209,429,288,1 28,50,133,156,1 92,190,191,303,1 116,83,245,236,1 485,238,564,310,1 514,159,594,250,1 311,281,382,360,1 532,284,630,384,1 384,327,435,376,1 682,318,743,381,1 641,321,692,373,1 
../学習データ/調整データv2/品種/image/1_リンゴ/2_ふじ/106.fujiringo_main02.jpg 34,169,243,363,1 490,85,665,311,1 245,168,460,377,1 25,1,256,204,1 
../学習データ/調整データv2/品種/image/1_リンゴ/2_ふじ/38.jpg 1,1,116,105,1 4,65,218,222,1 
../学習データ/調整データv2/品種/image/1_リンゴ/2_ふじ/143.PA041067.jpg 190,28,378,206,1 425,167,707,399,1 1,108,198,342,1 473,78,691,211,1 251,90,480,351,1 
../学習データ/調整データv2/品種/image/1_リンゴ/2_ふじ/33.jpg 17,42,79,99,1 86,14,236,169,1 
../学習データ/調整データv2/品種/image/1_リンゴ/2_ふじ/44.jpg 92,38,186,131,1 
../学習データ/調整データv2/品種/image/1_リンゴ/2_ふじ/31.jpg 138,32,249,137,1 
../学習データ/調整データv2/品種/image/1_リンゴ/2_ふじ/15.jpg 24,32,199,211,1 
../学習データ/調整データv2/品種/image/1_リンゴ/2_ふじ/3.wasehuji_3.jpg 29,85,700,669,1 
../学習データ/調整データv2/品種/image/1_リンゴ/2_ふじ/35.jpg 21,102,63,137,1 58,127,117,184,1 
../学習データ/調整データv2/品種/image/1_リンゴ/2_ふじ/33.apple_sunfuji01.jpg 22,12,571,414,1 409,249,952,820,1 
../学習データ/調整データv2/品種/image/1_リンゴ/2_ふじ/16.jpg 1,39,43,104,1 213,16,259,47,1 22,7,100,62,1 117,7,204,53,1 168,33,259,130,1 1,83,94,194,1 108,91,259,192,1 47,31,161,117,1 
../学習データ/調整データv2/品種/image/1_リンゴ/2_ふじ/9.jpg 1,79,66,130,1 154,118,225,215,1 1,118,81,222,1 63,54,164,159,1 68,144,166,224,1 
../学習データ/調整データv2/品種/image/1_リンゴ/2_ふじ/39.sunfuji01.jpg 203,93,607,492,1 
../学習データ/調整データv2/品種/image/1_リンゴ/2_ふじ/55.jpg 198,49,225,115,1 202,182,225,209,1 161,96,224,156,1 194,162,225,189,1 117,185,146,209,1 169,201,200,224,1 144,149,172,171,1 47,88,139,193,1 166,157,200,177,1 1,74,51,182,1 143,193,173,217,1 118,158,147,183,1 162,2,224,73,1 2,1,76,52,1 142,170,174,190,1 30,21,100,126,1 75,1,162,50,1 170,177,201,199,1 113,34,191,123,1 127,144,147,160,1 148,137,169,154,1 170,141,193,160,1 193,146,215,164,1 
../学習データ/調整データv2/品種/image/1_リンゴ/2_ふじ/17.jpg 119,85,182,132,1 9,96,63,141,1 162,141,209,194,1 112,134,162,179,1 72,163,125,214,1 57,115,110,164,1 70,61,121,113,1 112,36,168,83,1 
../学習データ/調整データv2/品種/image/1_リンゴ/2_ふじ/299.e-sannhuji-i03.jpg 80,316,352,539,1 131,25,377,241,1 
../学習データ/調整データv2/品種/image/1_リンゴ/2_ふじ/58.jpg 141,32,217,119,1 7,29,81,114,1 46,64,141,164,1 159,98,171,113,1 150,110,163,123,1 162,121,175,136,1 168,132,185,145,1 182,144,200,161,1 188,109,203,122,1 181,120,199,136,1 201,120,216,136,1 191,131,210,149,1 170,159,191,179,1 157,143,179,163,1 146,132,167,147,1 135,144,156,163,1 
../学習データ/調整データv2/品種/image/1_リンゴ/2_ふじ/236.fuji456.jpg 12,35,119,137,1 45,0,120,54,1 115,0,209,82,1 
../学習データ/調整データv2/品種/image/1_リンゴ/2_ふじ/8.jpg 16,11,104,83,1 180,16,288,121,1 109,1,193,61,1 
../学習データ/調整データv2/品種/image/1_リンゴ/2_ふじ/252.imgrc0063905084.jpg 583,67,990,748,1 0,228,338,845,1 245,405,878,979,1 
../学習データ/調整データv2/品種/image/1_リンゴ/2_ふじ/203.aoringo3.jpg 34,81,276,228,1 848,187,1200,522,1 482,376,1200,986,1 13,188,339,477,1 1,344,479,971,1 373,120,819,593,1 279,83,628,247,1 648,71,955,297,1 
../学習データ/調整データv2/品種/image/1_リンゴ/2_ふじ/144.cut_sunfuji_07.jpg 0,102,141,322,1 296,75,498,220,1 92,0,301,155,1 139,132,352,365,1 
../学習データ/調整データv2/品種/image/1_リンゴ/2_ふじ/57.jpg 151,73,212,123,1 50,97,113,162,1 119,94,182,129,1 79,44,143,104,1 58,18,116,76,1 122,18,176,78,1 35,68,83,127,1 
../学習データ/調整データv2/品種/image/1_リンゴ/2_ふじ/1.jpg 23,26,198,208,1 
../学習データ/調整データv2/品種/image/1_リンゴ/2_ふじ/50.jpg 74,23,176,127,1 
../学習データ/調整データv2/品種/image/1_リンゴ/2_ふじ/239.e-sannhuji-i07.jpg 67,226,522,643,1 
../学習データ/調整データv2/品種/image/1_リンゴ/2_ふじ/46.jpg 2,78,39,139,1 40,103,104,161,1 62,45,132,108,1 
../学習データ/調整データv2/品種/image/1_リンゴ/2_ふじ/49.jpg 85,40,208,179,1 
../学習データ/調整データv2/品種/image/1_リンゴ/2_ふじ/30.jpg 122,16,248,139,1 12,50,133,184,1 
../学習データ/調整データv2/品種/image/1_リンゴ/2_ふじ/11.jpg 1,8,172,164,1 
../学習データ/調整データv2/品種/image/1_リンゴ/2_ふじ/45.jpg 157,44,209,81,1 12,44,61,90,1 106,27,156,71,1 13,85,72,131,1 56,21,106,59,1 67,97,122,139,1 111,66,169,112,1 64,58,112,101,1 101,1,149,30,1 
../学習データ/調整データv2/品種/image/1_リンゴ/2_ふじ/24.jpg 166,40,246,111,1 112,12,179,79,1 176,3,238,54,1 
../学習データ/調整データv2/品種/image/1_リンゴ/2_ふじ/29.jpg 68,23,198,164,1 68,23,198,164,1 
../学習データ/調整データv2/品種/image/1_リンゴ/2_ふじ/137.450-20120124100909156119.jpg 289,78,895,749,1 
../学習データ/調整データv2/品種/image/1_リンゴ/2_ふじ/37.jpg 129,161,161,182,1 175,147,199,168,1 155,155,180,178,1 174,165,198,188,1 111,171,138,189,1 122,129,145,153,1 93,155,120,181,1 130,183,153,205,1 150,174,175,196,1 115,149,140,172,1 138,143,162,163,1 146,196,174,217,1 143,122,162,142,1 162,133,182,154,1 195,139,218,157,1 181,127,201,145,1 164,115,185,134,1 145,105,168,123,1 
../学習データ/調整データv2/品種/image/1_リンゴ/2_ふじ/48.jpg 27,16,129,123,1 108,47,234,176,1 
../学習データ/調整データv2/品種/image/1_リンゴ/2_ふじ/126.19622523.jpg 178,76,272,169,1 0,191,29,298,1 84,105,162,184,1 354,131,453,213,1 160,136,262,213,1 267,112,343,181,1 361,73,440,176,1 271,52,350,129,1 234,246,353,350,1 339,202,475,326,1 124,198,250,300,1 219,341,353,420,1 43,162,154,254,1 244,158,349,256,1 7,236,124,360,1 107,293,224,395,1 
../学習データ/調整データv2/品種/image/1_リンゴ/2_ふじ/5.fuji-300x225.jpg 73,29,223,194,1 
../学習データ/調整データv2/品種/image/1_リンゴ/2_ふじ/7.wesefuji-300x225.jpg 69,27,224,195,1 
../学習データ/調整データv2/品種/image/1_リンゴ/2_ふじ/132.sanfuji_2-300x247.jpg 16,16,153,191,1 
../学習データ/調整データv2/品種/image/1_リンゴ/2_ふじ/53.jpg 21,27,200,214,1 
../学習データ/調整データv2/品種/image/1_リンゴ/2_ふじ/133.A335_I2.jpg 7,30,148,194,1 
../学習データ/調整データv2/品種/image/1_リンゴ/2_ふじ/129.sunfuji_01.jpg 315,14,525,195,1 725,22,916,238,1 448,89,707,261,1 147,88,376,289,1 
../学習データ/調整データv2/品種/image/1_リンゴ/2_ふじ/75.fuji.jpg 148,60,440,372,1 
../学習データ/調整データv2/品種/image/1_リンゴ/2_ふじ/6.jpg 15,5,131,123,1 69,62,192,188,1 137,11,243,129,1 
../学習データ/調整データv2/品種/image/1_リンゴ/2_ふじ/213.imgrc0063905084.jpg 583,67,990,748,1 0,228,338,845,1 245,405,878,979,1 
../学習データ/調整データv2/品種/image/1_リンゴ/2_ふじ/18.jpg 99,82,193,173,1 154,3,248,109,1 
../学習データ/調整データv2/品種/image/1_リンゴ/2_ふじ/26.jpg 1,82,80,168,1 8,39,80,91,1 75,99,155,186,1 71,54,146,107,1 146,71,224,158,1 
../学習データ/調整データv2/品種/image/1_リンゴ/2_ふじ/142.huzi.jpg 234,319,512,650,1 312,162,541,356,1 36,242,293,528,1 486,244,751,537,1 
../学習データ/調整データv2/品種/image/1_リンゴ/2_ふじ/21.jpg 56,83,149,183,1 136,67,220,155,1 81,43,158,89,1 2,65,84,152,1 
../学習データ/調整データv2/品種/image/1_リンゴ/2_ふじ/151.14dohuziringo5k.jpg 453,19,631,159,1 242,139,395,289,1 343,287,494,439,1 500,280,649,427,1 137,15,304,161,1 539,143,674,286,1 7,301,161,461,1 310,12,457,154,1 391,140,535,287,1 70,138,241,293,1 174,285,335,440,1 
../学習データ/調整データv2/品種/image/1_リンゴ/2_ふじ/2.jpg 139,10,288,149,1 11,11,142,156,1 
../学習データ/調整データv2/品種/image/1_リンゴ/2_ふじ/3.jpg 88,87,174,172,1 
../学習データ/調整データv2/品種/image/1_リンゴ/2_ふじ/13.jpg 30,21,131,135,1 
../学習データ/調整データv2/品種/image/1_リンゴ/2_ふじ/12.jpg 156,6,296,154,1 10,4,154,156,1 
../学習データ/調整データv2/品種/image/1_リンゴ/2_ふじ/42.jpg 160,30,259,137,1 68,62,177,176,1 15,9,123,125,1 
../学習データ/調整データv2/品種/image/1_リンゴ/2_ふじ/40.hujimi1-.jpg 23,0,170,84,1 97,22,293,202,1 
../学習データ/調整データv2/品種/image/1_リンゴ/2_ふじ/14.201011151.jpg 132,28,376,325,1 
../学習データ/調整データv2/品種/image/1_リンゴ/2_ふじ/187.wasefuji_2-300x247.jpg 7,5,175,183,1 
../学習データ/調整データv2/品種/image/1_リンゴ/2_ふじ/241.sun-fuji.jpg 363,8,458,97,1 186,180,275,277,1 225,107,377,246,1 170,79,252,210,1 409,222,494,308,1 315,262,436,378,1 367,86,470,178,1 
../学習データ/調整データv2/品種/image/1_リンゴ/2_ふじ/82.fuji--770x513.jpg 116,241,310,419,1 406,348,615,512,1 256,121,469,361,1 
../学習データ/調整データv2/品種/image/1_リンゴ/2_ふじ/170.ringo05a.jpg 514,321,596,480,1 598,338,782,493,1 775,197,973,348,1 769,1,921,78,1 602,180,761,336,1 261,170,426,327,1 783,347,992,512,1 443,32,597,173,1 289,14,432,168,1 434,164,601,326,1 774,73,945,201,1 608,49,762,193,1 
../学習データ/調整データv2/品種/image/1_リンゴ/2_ふじ/19.jpg 135,17,261,141,1 9,26,155,166,1 
../学習データ/調整データv2/品種/image/1_リンゴ/2_ふじ/22.jpg 58,17,205,167,1 
../学習データ/調整データv2/品種/image/1_リンゴ/2_ふじ/7.jpg 220,12,299,91,1 219,26,300,110,1 137,16,222,91,1 
../学習データ/調整データv2/品種/image/1_リンゴ/2_ふじ/56.jpg 89,53,165,127,1 3,44,78,125,1 31,84,135,186,1 
../学習データ/調整データv2/品種/image/1_リンゴ/2_ふじ/134.55da7a34.jpg 46,78,624,734,1 421,1,967,306,1 
../学習データ/調整データv2/品種/image/1_リンゴ/2_ふじ/23.jpg 61,20,203,167,1 
../学習データ/調整データv2/品種/image/1_リンゴ/2_ふじ/140.05036_2012_0115_IMG_4671.jpg 115,18,300,238,1 
../学習データ/調整データv2/品種/image/1_リンゴ/2_ふじ/5.jpg 63,10,211,154,1 
../学習データ/調整データv2/品種/image/1_リンゴ/2_ふじ/175.PA041067.jpg 190,27,379,211,1 424,176,710,400,1 6,111,197,354,1 471,76,692,210,1 251,90,480,351,1 
../学習データ/調整データv2/品種/image/1_リンゴ/2_ふじ/59.jpg 20,68,126,188,1 105,61,206,165,1 
../学習データ/調整データv2/品種/image/1_リンゴ/2_ふじ/40.jpg 179,38,215,64,1 202,47,238,88,1 103,34,146,66,1 121,76,160,126,1 142,34,179,66,1 83,44,114,81,1 209,79,253,126,1 164,81,208,128,1 68,77,116,126,1 100,62,138,86,1 146,62,179,85,1 183,63,221,86,1 
../学習データ/調整データv2/品種/image/1_リンゴ/2_ふじ/15.02fuji.jpg 0,44,158,372,1 369,314,640,426,1 496,79,638,362,1 14,295,223,423,1 129,30,486,405,1 
../学習データ/調整データv2/品種/image/1_リンゴ/2_ふじ/39.jpg 96,11,204,108,1 36,57,138,165,1 
../学習データ/調整データv2/品種/image/1_リンゴ/2_ふじ/71.091019_fuji.jpg 165,266,195,311,1 213,196,317,301,1 158,166,213,232,1 199,96,308,205,1 75,206,137,268,1 
../学習データ/調整データv2/品種/image/1_リンゴ/2_ふじ/136.00253_2009_1210_IMG_0638.jpg 106,13,305,243,1 
../学習データ/調整データv2/品種/image/1_リンゴ/2_ふじ/16.wasefuji-600x450.jpg 151,55,444,388,1 
../学習データ/調整データv2/品種/image/1_リンゴ/2_ふじ/138.cut_honoka_11.jpg 93,139,273,331,1 
../学習データ/調整データv2/品種/image/1_リンゴ/2_ふじ/14.jpg 15,26,205,210,1 
../学習データ/調整データv2/品種/image/1_リンゴ/2_ふじ/10.jpg 0,0,44,65,1 59,12,157,116,1 
../学習データ/調整データv2/品種/image/1_リンゴ/2_ふじ/54.jpg 78,28,163,123,1 128,91,220,192,1 3,62,96,168,1 
../学習データ/調整データv2/品種/image/1_リンゴ/2_ふじ/34.jpg 14,75,100,157,1 103,70,193,159,1 9,1,106,86,1 207,37,280,133,1 
../学習データ/調整データv2/品種/image/1_リンゴ/2_ふじ/155.wasefuji_2-300x247.jpg 13,21,156,184,1 
../学習データ/調整データv2/品種/image/1_リンゴ/2_ふじ/67.sanfuji_01-thumb-312xauto-1726.jpg 50,22,249,207,1 
../学習データ/調整データv2/品種/image/1_リンゴ/2_ふじ/139.san-fuji-main01.jpg 123,346,376,625,1 362,303,628,572,1 168,260,392,402,1 
../学習データ/調整データv2/品種/image/1_リンゴ/2_ふじ/43.jpg 78,17,127,57,1 8,36,69,83,1 130,32,181,73,1 180,38,236,94,1 41,95,111,170,1 135,1,177,34,1 65,50,119,102,1 124,70,182,125,1 
../学習データ/調整データv2/品種/image/1_リンゴ/2_ふじ/28.jpg 16,45,106,128,1 117,49,214,134,1 117,49,214,134,1 65,1,159,64,1 
../学習データ/調整データv2/品種/image/1_リンゴ/2_ふじ/36.jpg 3,77,58,122,1 127,34,179,83,1 96,83,159,142,1 41,36,114,106,1 120,118,208,219,1 31,103,109,158,1 
../学習データ/調整データv2/品種/image/1_リンゴ/1_あいかの香り/4.jpg 38,176,149,225,0 37,42,190,195,0 
../学習データ/調整データv2/品種/image/1_リンゴ/1_あいかの香り/38.aikanokaori_wakesubimg.jpg 760,94,930,288,0 
../学習データ/調整データv2/品種/image/1_リンゴ/1_あいかの香り/32.jpg 0,83,30,155,0 107,60,174,128,0 
../学習データ/調整データv2/品種/image/1_リンゴ/1_あいかの香り/25.jpg 126,13,222,117,0 
../学習データ/調整データv2/品種/image/1_リンゴ/1_あいかの香り/146.aikamain.jpg 419,202,519,262,0 515,205,591,282,0 
../学習データ/調整データv2/品種/image/1_リンゴ/1_あいかの香り/59.aika-ribu2.jpg 102,80,209,156,0 79,28,180,99,0 193,43,248,128,0 23,64,93,147,0 
../学習データ/調整データv2/品種/image/1_リンゴ/1_あいかの香り/51.jpg 47,16,201,169,0 
../学習データ/調整データv2/品種/image/1_リンゴ/1_あいかの香り/25.%E3%81%82%E3%81%84%E3%81%8BT3_1573917245425_1200.jpg 626,229,870,419,0 137,211,400,429,0 412,225,622,429,0 332,61,491,274,0 863,229,1074,425,0 519,53,710,277,0 736,67,909,266,0 206,380,496,629,0 500,378,746,634,0 761,382,1035,622,0 
../学習データ/調整データv2/品種/image/1_リンゴ/1_あいかの香り/84.aika_maru_10kg_01.jpg 166,159,309,308,0 27,189,157,329,0 104,99,197,254,0 308,131,408,283,0 329,75,452,168,0 118,286,242,422,0 207,85,320,193,0 251,5,360,85,0 365,5,475,69,0 452,40,551,125,0 430,126,516,193,0 
../学習データ/調整データv2/品種/image/1_リンゴ/1_あいかの香り/236.2016_4400-017.jpg 232,104,584,428,0 
../学習データ/調整データv2/品種/image/1_リンゴ/1_あいかの香り/27.jpg 25,45,122,140,0 120,101,214,192,0 124,7,214,98,0 
../学習データ/調整データv2/品種/image/1_リンゴ/1_あいかの香り/91.i001.jpg 79,70,343,389,0 371,62,643,363,0 
../学習データ/調整データv2/品種/image/1_リンゴ/1_あいかの香り/49.manomi_aika_ringo_01.jpg 353,104,563,399,0 504,0,685,219,0 
../学習データ/調整データv2/品種/image/1_リンゴ/1_あいかの香り/20.jpg 13,28,119,138,0 115,7,272,154,0 
../学習データ/調整データv2/品種/image/1_リンゴ/1_あいかの香り/11.apple_aika.jpg 24,24,256,185,0 
../学習データ/調整データv2/品種/image/1_リンゴ/1_あいかの香り/217.1aika190908_041.jpg 394,560,752,910,0 1232,6,1479,207,0 687,10,1038,308,0 336,169,665,496,0 
../学習データ/調整データv2/品種/image/1_リンゴ/1_あいかの香り/172.aika_wakemaru_9kg_01.jpg 27,184,156,342,0 304,144,409,273,0 163,158,307,309,0 328,75,454,166,0 113,290,242,419,0 208,86,320,192,0 87,109,207,212,0 251,8,361,90,0 368,7,467,67,0 450,40,553,122,0 427,124,517,179,0 
../学習データ/調整データv2/品種/image/1_リンゴ/1_あいかの香り/53.%E3%81%82%E3%81%84%E3%81%8BJ3_1573917244127_1200.jpg 784,66,1018,276,0 221,77,389,288,0 671,194,901,450,0 516,75,736,278,0 341,194,566,461,0 42,327,383,598,0 466,334,747,597,0 855,315,1153,589,0 
../学習データ/調整データv2/品種/image/1_リンゴ/1_あいかの香り/41.jpg 63,11,202,158,0 
../学習データ/調整データv2/品種/image/1_リンゴ/1_あいかの香り/21.manomi_aika_ringo_03.jpg 191,144,276,234,0 57,22,125,81,0 51,116,123,172,0 
../学習データ/調整データv2/品種/image/1_リンゴ/1_あいかの香り/244.akibae-01.jpg 57,609,422,985,0 
../学習データ/調整データv2/品種/image/1_リンゴ/1_あいかの香り/102.ringo_top_ba_06.jpg 221,1,360,120,0 41,22,314,269,0 
../学習データ/調整データv2/品種/image/1_リンゴ/1_あいかの香り/38.jpg 262,100,280,117,0 262,100,280,117,0 45,29,153,142,0 193,100,211,119,0 214,97,235,121,0 239,99,259,118,0 202,121,224,140,0 229,121,247,141,0 250,120,270,140,0 272,121,291,139,0 203,82,224,97,0 227,83,246,98,0 248,81,270,97,0 271,81,290,101,0 
../学習データ/調整データv2/品種/image/1_リンゴ/1_あいかの香り/33.jpg 24,40,135,154,0 
../学習データ/調整データv2/品種/image/1_リンゴ/1_あいかの香り/44.jpg 182,20,225,108,0 182,20,225,108,0 1,1,39,65,0 98,58,191,119,0 28,21,116,93,0 106,1,182,60,0 
../学習データ/調整データv2/品種/image/1_リンゴ/1_あいかの香り/31.jpg 147,1,237,55,0 61,1,161,104,0 
../学習データ/調整データv2/品種/image/1_リンゴ/1_あいかの香り/15.jpg 1,35,43,121,0 96,1,180,37,0 12,1,106,66,0 
../学習データ/調整データv2/品種/image/1_リンゴ/1_あいかの香り/35.jpg 101,25,203,144,0 1,31,93,148,0 204,43,259,148,0 
../学習データ/調整データv2/品種/image/1_リンゴ/1_あいかの香り/16.jpg 65,10,136,65,0 
../学習データ/調整データv2/品種/image/1_リンゴ/1_あいかの香り/9.jpg 211,1,285,88,0 149,43,240,165,0 
../学習データ/調整データv2/品種/image/1_リンゴ/1_あいかの香り/55.jpg 65,88,171,196,0 137,43,216,137,0 10,45,98,140,0 
../学習データ/調整データv2/品種/image/1_リンゴ/1_あいかの香り/17.jpg 113,42,201,142,0 45,61,120,142,0 
../学習データ/調整データv2/品種/image/1_リンゴ/1_あいかの香り/231.1aikanokaori1102c1.jpg 574,255,774,450,0 76,430,245,582,0 601,467,953,753,0 
../学習データ/調整データv2/品種/image/1_リンゴ/1_あいかの香り/99.aikanokaori_topimg.jpg 296,361,425,440,0 287,88,589,389,0 
../学習データ/調整データv2/品種/image/1_リンゴ/1_あいかの香り/52.jpg 79,73,178,179,0 26,1,100,101,0 51,171,96,218,0 
../学習データ/調整データv2/品種/image/1_リンゴ/1_あいかの香り/29.aikanokaori5wake.jpg 70,66,344,355,0 
../学習データ/調整データv2/品種/image/1_リンゴ/1_あいかの香り/8.jpg 137,2,250,106,0 
../学習データ/調整データv2/品種/image/1_リンゴ/1_あいかの香り/1.aikanokaori.jpg 56,39,312,323,0 
../学習データ/調整データv2/品種/image/1_リンゴ/1_あいかの香り/96.95168483.jpg 244,74,382,241,0 120,157,299,313,0 15,83,177,244,0 
../学習データ/調整データv2/品種/image/1_リンゴ/1_あいかの香り/1.jpg 36,23,203,208,0 
../学習データ/調整データv2/品種/image/1_リンゴ/1_あいかの香り/50.jpg 131,97,193,164,0 41,15,88,52,0 36,78,88,120,0 
../学習データ/調整データv2/品種/image/1_リンゴ/1_あいかの香り/46.jpg 193,39,225,94,0 1,126,39,178,0 99,16,148,61,0 82,153,130,201,0 124,148,180,192,0 154,78,204,122,0 109,67,156,111,0 49,5,96,45,0 169,124,217,171,0 61,46,114,95,0 99,107,149,150,0 13,34,64,79,0 6,81,51,131,0 48,97,98,140,0 145,34,193,74,0 33,142,81,190,0 161,180,207,225,0 
../学習データ/調整データv2/品種/image/1_リンゴ/1_あいかの香り/49.jpg 146,1,282,143,0 
../学習データ/調整データv2/品種/image/1_リンゴ/1_あいかの香り/30.jpg 159,49,250,150,0 101,4,184,74,0 
../学習データ/調整データv2/品種/image/1_リンゴ/1_あいかの香り/11.jpg 146,24,257,143,0 27,26,143,151,0 
../学習データ/調整データv2/品種/image/1_リンゴ/1_あいかの香り/168.aikanokaori02.jpg 1866,753,3014,1372,0 2687,617,3072,1337,0 14,279,824,1654,0 783,41,1962,1035,0 462,862,2033,2301,0 
../学習データ/調整データv2/品種/image/1_リンゴ/1_あいかの香り/143.16420178_th.jpg 1,6,152,154,0 
../学習データ/調整データv2/品種/image/1_リンゴ/1_あいかの香り/45.jpg 1,28,29,93,0 1,84,39,163,0 198,91,259,163,0 133,76,194,142,0 91,17,172,70,0 36,106,136,190,0 173,32,242,100,0 14,1,89,50,0 137,135,232,191,0 
../学習データ/調整データv2/品種/image/1_リンゴ/1_あいかの香り/2.aikanokaori.jpg 69,327,264,405,0 64,71,349,348,0 
../学習データ/調整データv2/品種/image/1_リンゴ/1_あいかの香り/24.jpg 134,49,241,166,0 28,71,121,165,0 
../学習データ/調整データv2/品種/image/1_リンゴ/1_あいかの香り/266.1aikanokaori1102c1.jpg 76,430,245,582,0 560,276,772,436,0 601,467,953,753,0 
../学習データ/調整データv2/品種/image/1_リンゴ/1_あいかの香り/29.jpg 184,21,246,69,0 191,100,251,162,0 77,108,146,164,0 133,65,192,118,0 86,17,144,75,0 28,63,84,120,0 
../学習データ/調整データv2/品種/image/1_リンゴ/1_あいかの香り/37.jpg 62,15,216,160,0 
../学習データ/調整データv2/品種/image/1_リンゴ/1_あいかの香り/48.jpg 173,153,224,222,0 2,10,62,76,0 155,80,224,150,0 1,172,97,223,0 57,1,133,53,0 134,10,215,86,0 68,41,150,125,0 1,70,79,164,0 85,120,178,216,0 
../学習データ/調整データv2/品種/image/1_リンゴ/1_あいかの香り/233.imgrc0070354817.jpg 74,42,271,215,0 
../学習データ/調整データv2/品種/image/1_リンゴ/1_あいかの香り/53.jpg 145,17,241,112,0 37,36,148,160,0 
../学習データ/調整データv2/品種/image/1_リンゴ/1_あいかの香り/286.KIMG0273-e1511316326569.jpg 1,86,56,207,0 141,17,250,134,0 1,4,137,119,0 1,233,185,408,0 60,91,210,234,0 
../学習データ/調整データv2/品種/image/1_リンゴ/1_あいかの香り/86.aikanokaori_5kg_ka_03.jpg 15,44,69,138,0 179,183,273,278,0 84,194,170,272,0 227,123,311,206,0 168,50,261,126,0 71,47,168,128,0 22,118,111,207,0 127,121,213,210,0 
../学習データ/調整データv2/品種/image/1_リンゴ/1_あいかの香り/47.jpg 74,95,122,140,0 85,51,121,100,0 156,49,196,95,0 113,53,162,100,0 135,92,187,147,0 
../学習データ/調整データv2/品種/image/1_リンゴ/1_あいかの香り/6.jpg 102,31,211,143,0 
../学習データ/調整データv2/品種/image/1_リンゴ/1_あいかの香り/18.jpg 129,57,205,135,0 
../学習データ/調整データv2/品種/image/1_リンゴ/1_あいかの香り/26.jpg 64,16,205,155,0 
../学習データ/調整データv2/品種/image/1_リンゴ/1_あいかの香り/54.aika_top2.jpg 190,198,558,659,0 
../学習データ/調整データv2/品種/image/1_リンゴ/1_あいかの香り/93.item_aika01.jpg 101,59,564,416,0 
../学習データ/調整データv2/品種/image/1_リンゴ/1_あいかの香り/21.jpg 1,117,29,168,0 124,106,206,197,0 22,51,114,140,0 
../学習データ/調整データv2/品種/image/1_リンゴ/1_あいかの香り/166.imgrc0076362773.jpg 51,55,270,257,0 
../学習データ/調整データv2/品種/image/1_リンゴ/1_あいかの香り/94.096c52a7f5907a5d3fb14ca315e60d3293d5112f.23.2.9.2.jpg 169,25,314,164,0 
../学習データ/調整データv2/品種/image/1_リンゴ/1_あいかの香り/2.jpg 13,28,121,143,0 
../学習データ/調整データv2/品種/image/1_リンゴ/1_あいかの香り/3.jpg 191,88,276,178,0 126,17,193,80,0 63,20,146,101,0 110,74,210,177,0 
../学習データ/調整データv2/品種/image/1_リンゴ/1_あいかの香り/61.aikanokaori100517.jpg 287,50,404,179,0 138,45,317,216,0 417,190,584,383,0 244,171,442,367,0 
../学習データ/調整データv2/品種/image/1_リンゴ/1_あいかの香り/13.jpg 1,46,109,148,0 102,65,221,153,0 109,13,224,81,0 
../学習データ/調整データv2/品種/image/1_リンゴ/1_あいかの香り/12.jpg 32,27,188,164,0 
../学習データ/調整データv2/品種/image/1_リンゴ/1_あいかの香り/42.jpg 1,18,111,146,0 80,49,231,216,0 110,1,214,79,0 
../学習データ/調整データv2/品種/image/1_リンゴ/1_あいかの香り/240.aika2.jpg 13,14,167,160,0 
../学習データ/調整データv2/品種/image/1_リンゴ/1_あいかの香り/67.2_000000001580.jpg 480,414,572,508,0 425,353,506,459,0 517,356,609,439,0 
../学習データ/調整データv2/品種/image/1_リンゴ/1_あいかの香り/4.aika_b.jpg 214,0,304,71,0 60,68,192,215,0 164,70,289,202,0 
../学習データ/調整データv2/品種/image/1_リンゴ/1_あいかの香り/22.jpg 158,3,259,63,0 40,3,214,160,0 
../学習データ/調整データv2/品種/image/1_リンゴ/1_あいかの香り/7.jpg 1,16,130,151,0 
../学習データ/調整データv2/品種/image/1_リンゴ/1_あいかの香り/23.jpg 4,1,143,153,0 
../学習データ/調整データv2/品種/image/1_リンゴ/1_あいかの香り/294.20191114_185213.jpg 2,1360,393,1621,0 0,775,338,1401,0 0,236,245,779,0 1693,753,2127,1411,0 1089,630,1617,1202,0 749,161,1394,660,0 1138,1159,1925,1621,0 1415,318,2014,848,0 106,0,737,515,0 294,903,1126,1585,0 
../学習データ/調整データv2/品種/image/1_リンゴ/1_あいかの香り/5.jpg 8,19,150,180,0 129,1,245,129,0 
../学習データ/調整データv2/品種/image/1_リンゴ/1_あいかの香り/40.jpg 50,66,133,155,0 127,52,222,152,0 
../学習データ/調整データv2/品種/image/1_リンゴ/1_あいかの香り/39.jpg 67,45,132,111,0 15,76,91,156,0 
../学習データ/調整データv2/品種/image/1_リンゴ/1_あいかの香り/197.akibae-01.jpg 43,609,424,1010,0 
../学習データ/調整データv2/品種/image/1_リンゴ/1_あいかの香り/14.jpg 59,472,219,634,0 240,1,386,118,0 365,22,529,159,0 57,18,218,149,0 210,461,393,640,0 440,159,570,301,0 431,287,603,442,0 175,91,326,226,0 373,399,569,619,0 308,147,460,301,0 95,323,266,498,0 38,188,213,334,0 267,301,427,460,0 
../学習データ/調整データv2/品種/image/1_リンゴ/1_あいかの香り/10.jpg 24,60,94,139,0 70,2,159,91,0 80,91,165,177,0 140,53,198,126,0 
../学習データ/調整データv2/品種/image/1_リンゴ/1_あいかの香り/54.jpg 26,18,142,74,0 1,123,120,267,0 63,50,189,233,0 
../学習データ/調整データv2/品種/image/1_リンゴ/1_あいかの香り/34.jpg 72,0,152,82,0 
../学習データ/調整データv2/品種/image/1_リンゴ/1_あいかの香り/79.73623850.jpg 16,90,196,265,0 177,123,385,286,0 227,27,397,185,0 
../学習データ/調整データv2/品種/image/1_リンゴ/1_あいかの香り/43.jpg 7,18,171,186,0 
../学習データ/調整データv2/品種/image/1_リンゴ/1_あいかの香り/130.o0480064113482551219.jpg 53,58,437,480,0 
../学習データ/調整データv2/品種/image/1_リンゴ/1_あいかの香り/7.ph_aikanokaori.jpg 22,9,116,95,0 
../学習データ/調整データv2/品種/image/1_リンゴ/1_あいかの香り/28.jpg 34,6,225,192,0 
../学習データ/調整データv2/品種/image/1_リンゴ/1_あいかの香り/202.img61244441.jpg 614,113,800,360,0 5,42,266,332,0 270,60,643,350,0 10,239,547,497,0 
../学習データ/調整データv2/品種/image/1_リンゴ/1_あいかの香り/36.jpg 170,59,214,99,0 1,27,38,72,0 1,98,36,156,0 95,27,133,69,0 122,61,167,99,0 199,130,225,188,0 137,30,173,67,0 159,100,211,139,0 42,28,88,66,0 72,61,120,104,0 14,59,65,105,0 16,153,78,199,0 80,149,154,194,0 147,140,208,190,0 107,99,160,145,0 43,95,104,151,0 
../学習データ/調整データv2/品種/image/1_リンゴ/5_王林/471.list_09.jpg 143,25,171,67,4 112,94,173,132,4 127,59,175,106,4 99,1,155,44,4 4,29,62,101,4 46,64,118,131,4 26,0,92,53,4 74,26,141,85,4 
../学習データ/調整データv2/品種/image/1_リンゴ/5_王林/4.jpg 19,26,133,147,4 
../学習データ/調整データv2/品種/image/1_リンゴ/5_王林/358.outin-setumei.jpg 402,146,549,289,4 53,216,125,275,4 19,249,100,300,4 485,21,639,183,4 106,246,189,299,4 1,222,55,272,4 
../学習データ/調整データv2/品種/image/1_リンゴ/5_王林/12.orin.jpg 1,67,94,153,4 54,128,147,223,4 104,192,175,255,4 140,128,228,217,4 203,79,298,180,4 222,169,273,216,4 
../学習データ/調整データv2/品種/image/1_リンゴ/5_王林/102.00144_2008_1101_IMG_1421.jpg 103,2,306,256,4 
../学習データ/調整データv2/品種/image/1_リンゴ/5_王林/25.jpg 182,24,274,145,4 74,36,187,175,4 11,2,128,124,4 
../学習データ/調整データv2/品種/image/1_リンゴ/5_王林/16.10137000230.jpg 3,308,56,425,4 340,100,497,205,4 466,255,589,331,4 241,192,376,351,4 494,313,640,516,4 1,381,82,516,4 6,117,139,320,4 265,1,410,105,4 2,1,85,142,4 502,91,640,269,4 100,1,264,119,4 36,274,237,466,4 414,1,586,127,4 309,323,494,513,4 167,75,345,237,4 335,153,508,332,4 90,430,306,513,4 
../学習データ/調整データv2/品種/image/1_リンゴ/5_王林/169.ourin6.jpg 162,399,336,577,4 
../学習データ/調整データv2/品種/image/1_リンゴ/5_王林/285.05351_2013_0412_IMG_4966.jpg 216,16,357,170,4 
../学習データ/調整データv2/品種/image/1_リンゴ/5_王林/27.jpg 67,49,148,131,4 153,48,229,123,4 
../学習データ/調整データv2/品種/image/1_リンゴ/5_王林/20.jpg 20,51,74,99,4 1,74,35,127,4 154,51,212,94,4 1,19,53,64,4 87,51,144,94,4 1,119,63,197,4 196,82,225,135,4 49,78,109,137,4 124,80,182,136,4 82,122,156,196,4 170,125,225,199,4 171,32,212,68,4 115,27,164,62,4 67,30,108,63,4 
../学習データ/調整データv2/品種/image/1_リンゴ/5_王林/141.P1000049_ourin.jpg 3,115,114,252,4 120,91,269,241,4 267,185,360,273,4 
../学習データ/調整データv2/品種/image/1_リンゴ/5_王林/406.ourin-400x251.jpg 150,143,204,192,4 
../学習データ/調整データv2/品種/image/1_リンゴ/5_王林/293.37337867.jpg 158,1,292,87,4 0,0,155,71,4 
../学習データ/調整データv2/品種/image/1_リンゴ/5_王林/475.02050012979.jpg 194,99,436,333,4 
../学習データ/調整データv2/品種/image/1_リンゴ/5_王林/250.60295079.jpg 371,1,500,355,4 55,75,445,491,4 
../学習データ/調整データv2/品種/image/1_リンゴ/5_王林/10.ourin-DSC09475-01.jpg 34,125,192,315,4 162,101,320,289,4 
../学習データ/調整データv2/品種/image/1_リンゴ/5_王林/70.T11611G_top.jpg 74,17,360,314,4 
../学習データ/調整データv2/品種/image/1_リンゴ/5_王林/359.orin-thumb-320x320-950.jpg 152,72,245,180,4 164,164,223,214,4 92,127,178,218,4 64,199,125,250,4 5,129,95,223,4 
../学習データ/調整データv2/品種/image/1_リンゴ/5_王林/15.jpg 73,83,147,166,4 133,53,211,134,4 116,9,177,74,4 51,36,121,117,4 
../学習データ/調整データv2/品種/image/1_リンゴ/5_王林/172.666d96e9491e25b8fa2bc1c7973ebece.jpg 406,192,485,261,4 
../学習データ/調整データv2/品種/image/1_リンゴ/5_王林/9.jpg 30,79,166,231,4 
../学習データ/調整データv2/品種/image/1_リンゴ/5_王林/280.37337867.jpg 158,1,292,87,4 0,0,155,71,4 
../学習データ/調整データv2/品種/image/1_リンゴ/5_王林/409.oh_01.jpg 33,144,379,534,4 450,130,691,407,4 
../学習データ/調整データv2/品種/image/1_リンゴ/5_王林/129.orin_2-300x247.jpg 14,7,167,181,4 
../学習データ/調整データv2/品種/image/1_リンゴ/5_王林/17.jpg 14,77,162,237,4 
../学習データ/調整データv2/品種/image/1_リンゴ/5_王林/332.orin_tanaka.jpg 118,341,531,607,4 301,1012,663,1383,4 444,224,733,531,4 4,2,201,264,4 
../学習データ/調整データv2/品種/image/1_リンゴ/5_王林/8.jpg 1,99,50,180,4 70,162,180,225,4 1,156,80,225,4 46,15,100,73,4 87,41,143,108,4 119,102,204,177,4 105,4,162,58,4 12,59,78,120,4 46,92,119,165,4 162,1,225,56,4 144,35,222,108,4 
../学習データ/調整データv2/品種/image/1_リンゴ/5_王林/374.ourin-400x251.jpg 150,136,204,190,4 
../学習データ/調整データv2/品種/image/1_リンゴ/5_王林/440.IMG_0548-e1544939640555.jpg 775,299,3193,2577,4 
../学習データ/調整データv2/品種/image/1_リンゴ/5_王林/17.imgrc0063579819.jpg 1,367,356,687,4 1,70,346,509,4 292,3,711,484,4 414,162,1000,613,4 438,475,988,680,4 
../学習データ/調整データv2/品種/image/1_リンゴ/5_王林/1.jpg 73,12,205,158,4 
../学習データ/調整データv2/品種/image/1_リンゴ/5_王林/243.80584-1.jpg 38,119,168,257,4 299,234,346,283,4 
../学習データ/調整データv2/品種/image/1_リンゴ/5_王林/269.80584-1.jpg 36,126,170,263,4 298,232,346,284,4 
../学習データ/調整データv2/品種/image/1_リンゴ/5_王林/234.ourin1.jpg 390,63,580,239,4 33,39,216,231,4 212,45,400,236,4 
../学習データ/調整データv2/品種/image/1_リンゴ/5_王林/325.05351_2013_0412_IMG_4966.jpg 216,16,357,170,4 
../学習データ/調整データv2/品種/image/1_リンゴ/5_王林/324.ohrin_10kg_03.jpg 400,101,562,172,4 638,45,720,172,4 338,20,484,120,4 481,20,643,160,4 
../学習データ/調整データv2/品種/image/1_リンゴ/5_王林/13.0030020000052.jpg 43,33,203,222,4 228,162,350,329,4 
../学習データ/調整データv2/品種/image/1_リンゴ/5_王林/448.94129627_o2.jpg 340,172,400,280,4 269,78,363,144,4 260,49,346,108,4 73,84,178,145,4 3,104,72,155,4 82,126,201,203,4 82,168,228,250,4 307,124,389,213,4 186,93,283,172,4 1,138,98,239,4 204,150,319,226,4 113,233,249,344,4 221,209,358,313,4 175,71,268,109,4 
../学習データ/調整データv2/品種/image/1_リンゴ/5_王林/30.jpg 167,148,220,222,4 54,28,142,132,4 
../学習データ/調整データv2/品種/image/1_リンゴ/5_王林/290.img24967295.jpg 44,16,559,587,4 
../学習データ/調整データv2/品種/image/1_リンゴ/5_王林/11.jpg 1,1,201,217,4 
../学習データ/調整データv2/品種/image/1_リンゴ/5_王林/283.ourin-SC09474-01.jpg 40,17,135,103,4 81,196,254,350,4 
../学習データ/調整データv2/品種/image/1_リンゴ/5_王林/446.imgrc0063579786.jpg 4,278,327,592,4 458,485,1000,1080,4 560,345,952,584,4 1,461,448,1080,4 360,628,701,1073,4 247,161,614,712,4 
../学習データ/調整データv2/品種/image/1_リンゴ/5_王林/24.jpg 37,57,127,159,4 90,16,176,106,4 188,28,266,127,4 131,66,223,169,4 
../学習データ/調整データv2/品種/image/1_リンゴ/5_王林/460.02050012978.jpg 301,74,471,198,4 104,120,303,328,4 243,158,452,383,4 
../学習データ/調整データv2/品種/image/1_リンゴ/5_王林/72.51645019_o2.jpg 78,102,313,349,4 1,1,106,125,4 
../学習データ/調整データv2/品種/image/1_リンゴ/5_王林/334.setu_orin.jpg 400,60,542,207,4 
../学習データ/調整データv2/品種/image/1_リンゴ/5_王林/99.151009_3.jpg 544,342,697,434,4 502,266,622,357,4 171,93,347,241,4 580,401,767,507,4 566,186,735,345,4 1,296,155,513,4 214,336,508,529,4 144,224,368,414,4 458,455,704,532,4 344,223,496,376,4 405,184,536,320,4 348,107,492,209,4 
../学習データ/調整データv2/品種/image/1_リンゴ/5_王林/283.666d96e9491e25b8fa2bc1c7973ebece.jpg 589,277,704,380,4 
../学習データ/調整データv2/品種/image/1_リンゴ/5_王林/8.151009_8.jpg 276,39,679,463,4 
../学習データ/調整データv2/品種/image/1_リンゴ/5_王林/5.apple02_p.jpg 2,1,221,233,4 
../学習データ/調整データv2/品種/image/1_リンゴ/5_王林/6.jpg 66,24,203,171,4 
../学習データ/調整データv2/品種/image/1_リンゴ/5_王林/311.20171225161428.jpg 0,187,96,355,4 0,68,64,198,4 399,147,468,306,4 358,0,468,169,4 116,386,327,468,4 0,334,137,464,4 56,83,223,252,4 231,126,402,283,4 271,268,442,437,4 99,236,255,401,4 
../学習データ/調整データv2/品種/image/1_リンゴ/5_王林/18.jpg 66,57,173,181,4 159,35,201,145,4 66,57,181,182,4 
../学習データ/調整データv2/品種/image/1_リンゴ/5_王林/26.jpg 135,80,178,119,4 178,79,231,115,4 132,1,173,49,4 12,150,52,184,4 132,153,184,192,4 161,40,195,82,4 175,2,229,42,4 183,150,235,200,4 161,40,195,82,4 138,152,177,195,4 55,148,92,185,4 157,115,204,155,4 12,150,52,184,4 114,46,153,83,4 37,114,74,152,4 39,54,72,92,4 21,88,62,121,4 96,149,134,187,4 18,26,54,60,4 135,80,178,119,4 58,87,96,121,4 93,13,129,54,4 74,116,116,151,4 51,18,93,60,4 95,83,134,120,4 112,114,158,153,4 76,49,110,92,4 
../学習データ/調整データv2/品種/image/1_リンゴ/5_王林/21.jpg 32,71,153,220,4 32,71,161,219,4 
../学習データ/調整データv2/品種/image/1_リンゴ/5_王林/322.ourin-SC09474-01.jpg 40,17,135,103,4 81,196,254,350,4 
../学習データ/調整データv2/品種/image/1_リンゴ/5_王林/59.DSCF1994_2.jpg 149,100,275,234,4 
../学習データ/調整データv2/品種/image/1_リンゴ/5_王林/288.38412972.jpg 125,81,281,250,4 209,6,336,131,4 
../学習データ/調整データv2/品種/image/1_リンゴ/5_王林/272.o0800053212726407532.jpg 407,7,644,224,4 234,247,447,453,4 
../学習データ/調整データv2/品種/image/1_リンゴ/5_王林/2.jpg 2,56,102,155,4 1,183,62,225,4 109,10,215,101,4 
../学習データ/調整データv2/品種/image/1_リンゴ/5_王林/3.jpg 139,21,196,91,4 71,1,148,48,4 1,118,25,201,4 75,30,174,126,4 124,109,217,215,4 27,116,120,204,4 1,29,65,121,4 156,97,225,154,4 
../学習データ/調整データv2/品種/image/1_リンゴ/5_王林/368.20111022_955043.jpg 339,151,400,250,4 1,219,65,300,4 257,135,334,205,4 318,61,372,112,4 320,97,398,180,4 174,15,247,89,4 68,29,167,104,4 165,160,267,240,4 260,1,347,92,4 192,64,306,152,4 96,80,199,193,4 0,148,91,231,4 158,234,264,298,4 68,182,172,286,4 244,194,374,296,4 
../学習データ/調整データv2/品種/image/1_リンゴ/5_王林/2.28s_350_2.jpg 1,100,137,310,4 75,70,200,157,4 132,82,282,251,4 
../学習データ/調整データv2/品種/image/1_リンゴ/5_王林/270.60295079.jpg 371,1,500,355,4 55,77,444,490,4 
../学習データ/調整データv2/品種/image/1_リンゴ/5_王林/6.yd-ourin.jpg 84,57,631,649,4 
../学習データ/調整データv2/品種/image/1_リンゴ/5_王林/263.37337867.jpg 158,1,292,87,4 0,0,155,71,4 
../学習データ/調整データv2/品種/image/1_リンゴ/5_王林/292.img24967295.jpg 44,16,561,580,4 
../学習データ/調整データv2/品種/image/1_リンゴ/5_王林/13.jpg 1,104,95,225,4 16,1,134,109,4 
../学習データ/調整データv2/品種/image/1_リンゴ/5_王林/12.jpg 188,129,224,225,4 182,55,225,145,4 85,0,177,28,4 175,0,222,62,4 7,1,91,74,4 89,89,192,193,4 0,144,91,223,4 90,16,180,99,4 3,64,90,149,4 
../学習データ/調整データv2/品種/image/1_リンゴ/5_王林/407.ourin5.jpg 184,104,265,170,4 311,130,395,206,4 463,122,531,207,4 463,122,531,207,4 311,130,395,206,4 412,36,482,109,4 
../学習データ/調整データv2/品種/image/1_リンゴ/5_王林/466.742e9d94b293221a0bcabce1bf9107a1.jpg 422,1,542,182,4 165,231,261,303,4 165,231,261,303,4 487,1,600,197,4 183,55,376,231,4 
../学習データ/調整データv2/品種/image/1_リンゴ/5_王林/273.38583874.jpg 130,21,291,135,4 
../学習データ/調整データv2/品種/image/1_リンゴ/5_王林/14.shun_10_02-25.jpg 125,53,460,360,4 
../学習データ/調整データv2/品種/image/1_リンゴ/5_王林/239.ourin0-600x327.jpg 110,165,243,290,4 
../学習データ/調整データv2/品種/image/1_リンゴ/5_王林/19.jpg 138,15,240,128,4 29,22,148,155,4 
../学習データ/調整データv2/品種/image/1_リンゴ/5_王林/22.jpg 1,81,45,152,4 22,44,77,100,4 52,12,104,63,4 1,159,96,225,4 77,173,193,222,4 81,51,148,108,4 105,9,164,65,4 164,6,224,70,4 149,58,224,123,4 37,94,119,174,4 116,97,216,190,4 
../学習データ/調整データv2/品種/image/1_リンゴ/5_王林/7.jpg 169,1,280,48,4 1,1,68,60,4 1,55,105,149,4 205,41,306,151,4 91,5,188,93,4 96,73,216,165,4 
../学習データ/調整データv2/品種/image/1_リンゴ/5_王林/3.kind_13_img_main.jpg 30,36,257,266,4 
../学習データ/調整データv2/品種/image/1_リンゴ/5_王林/9.profile_ourin.jpg 341,301,462,413,4 
../学習データ/調整データv2/品種/image/1_リンゴ/5_王林/302.img55398146.jpg 89,264,241,300,4 307,24,396,96,4 327,255,445,300,4 41,44,141,132,4 137,27,222,95,4 226,51,320,128,4 315,84,400,168,4 223,0,303,78,4 66,9,138,73,4 6,207,115,298,4 124,96,225,175,4 25,128,120,213,4 219,212,330,296,4 120,165,223,262,4 224,132,325,212,4 330,158,427,256,4 
../学習データ/調整データv2/品種/image/1_リンゴ/5_王林/23.jpg 77,37,195,163,4 
../学習データ/調整データv2/品種/image/1_リンゴ/5_王林/354.141017_2.jpg 420,110,479,169,4 427,49,475,101,4 522,60,576,113,4 696,61,768,128,4 616,286,654,331,4 672,87,713,135,4 571,151,625,216,4 593,301,614,332,4 625,332,656,355,4 517,165,570,218,4 478,423,506,449,4 447,394,474,430,4 356,306,408,366,4 328,224,375,273,4 281,223,328,274,4 232,247,283,298,4 269,296,318,349,4 182,6,241,74,4 142,51,201,118,4 161,343,216,406,4 74,96,138,167,4 61,208,97,253,4 1,243,31,284,4 
../学習データ/調整データv2/品種/image/1_リンゴ/5_王林/5.jpg 150,32,242,139,4 51,43,148,155,4 
../学習データ/調整データv2/品種/image/1_リンゴ/5_王林/135.orin-300x225.jpg 65,13,235,199,4 
../学習データ/調整データv2/品種/image/1_リンゴ/5_王林/14.jpg 40,45,139,139,4 140,49,232,138,4 
../学習データ/調整データv2/品種/image/1_リンゴ/5_王林/421.2606038.jpg 128,39,329,275,4 
../学習データ/調整データv2/品種/image/1_リンゴ/5_王林/352.ka_sfor_36.jpg 290,148,351,217,1 49,152,101,206,4 171,151,233,207,1 108,120,166,186,4 177,20,220,69,4 233,124,287,189,1 67,11,120,67,4 284,107,334,158,1 47,101,113,157,4 268,26,322,74,1 174,95,223,161,1 277,65,324,108,1 120,31,173,87,4 117,79,168,126,4 63,49,116,112,4 219,41,276,91,1 174,60,222,111,4 224,78,282,138,1 
../学習データ/調整データv2/品種/image/1_リンゴ/5_王林/113.00004_2006_1019_IMG_7871.jpg 106,15,312,240,4 
../学習データ/調整データv2/品種/image/1_リンゴ/5_王林/10.jpg 34,44,116,128,4 13,105,93,200,4 47,153,146,252,4 99,92,180,182,4 
../学習データ/調整データv2/品種/image/1_リンゴ/5_王林/382.1.jpg 49,20,283,242,4 
../学習データ/調整データv2/品種/image/1_リンゴ/5_王林/320.img55645409.jpg 119,45,186,110,4 322,98,395,178,4 7,217,124,300,4 152,98,223,180,4 320,100,396,174,4 119,45,186,110,4 242,96,307,183,4 7,217,124,300,4 104,225,237,300,4 75,151,196,242,4 161,4,235,64,4 190,160,279,250,4 197,43,260,116,4 271,52,356,121,4 322,226,444,300,4 90,2,161,60,4 280,158,372,250,4 214,225,346,300,4 237,2,304,75,4 301,1,374,73,4 57,89,141,172,4 
../学習データ/調整データv2/品種/image/1_リンゴ/5_王林/279.510309_615.jpg 90,221,188,318,4 
../学習データ/調整データv2/品種/image/1_リンゴ/5_王林/20.124797691.jpg 336,154,399,239,4 1,248,67,342,4 1,194,72,252,4 352,317,400,400,4 329,80,400,160,4 341,231,400,335,4 144,346,274,396,4 321,9,398,84,4 158,13,245,89,4 252,290,362,390,4 156,87,259,161,4 61,288,174,394,4 240,43,319,123,4 67,205,168,292,4 163,168,254,247,4 253,204,356,290,4 162,256,262,338,4 247,122,332,194,4 1,338,70,400,4 
../学習データ/調整データv2/品種/image/1_リンゴ/5_王林/281.38412972.jpg 125,81,281,250,4 209,6,336,131,4 
../学習データ/調整データv2/品種/image/1_リンゴ/5_王林/277.ohrin_10kg_03.jpg 638,45,720,172,4 481,20,643,160,4 335,21,473,117,4 395,103,560,172,4 
../学習データ/調整データv2/品種/image/1_リンゴ/5_王林/362.94129674.jpg 208,8,399,213,4 1,46,193,273,4 134,94,332,322,4 
../学習データ/調整データv2/品種/image/1_リンゴ/5_王林/231.asian-beauty.jpg 390,73,558,213,4 
../学習データ/調整データv2/品種/image/1_リンゴ/5_王林/28.jpg 0,97,58,202,4 98,0,155,42,4 102,109,204,207,4 150,0,225,59,4 127,48,213,132,4 33,2,94,58,4 4,41,70,108,4 11,136,101,220,4 79,27,144,89,4 49,76,130,157,4 
../学習データ/調整データv2/品種/image/1_リンゴ/5_王林/115.imgrc0063569592.jpg 500,230,909,672,4 304,540,799,1077,4 38,287,509,767,4 
../学習データ/調整データv2/品種/image/1_リンゴ/5_王林/7.apple_ourin_01.jpg 91,7,320,238,4 
../学習データ/調整データv2/品種/image/1_リンゴ/4_シナノスイート/4.jpg 74,28,215,167,3 
../学習データ/調整データv2/品種/image/1_リンゴ/4_シナノスイート/106.sinanosweet-3.jpg 4,5,371,395,3 
../学習データ/調整データv2/品種/image/1_リンゴ/4_シナノスイート/25.jpg 80,24,140,86,3 118,54,172,110,3 160,36,210,84,3 
../学習データ/調整データv2/品種/image/1_リンゴ/4_シナノスイート/238.shinanosuit_6kg_ka_01.jpg 526,0,718,142,3 356,187,576,372,3 46,164,350,404,3 225,37,493,308,3 
../学習データ/調整データv2/品種/image/1_リンゴ/4_シナノスイート/29.sinanosweet-2.jpg 252,420,333,500,3 364,490,463,602,3 148,353,229,426,3 353,412,454,516,3 34,268,127,364,3 255,331,330,449,3 467,392,560,506,3 347,239,447,360,3 244,184,349,283,3 464,312,555,421,3 353,322,448,438,3 146,266,232,370,3 150,184,232,303,3 250,264,336,361,3 
../学習データ/調整データv2/品種/image/1_リンゴ/4_シナノスイート/151.sweet_main.jpg 633,257,719,443,3 171,154,393,379,3 
../学習データ/調整データv2/品種/image/1_リンゴ/4_シナノスイート/258.05232356_57431a30c942f.jpg 171,119,260,225,3 1,30,110,190,3 36,124,178,236,3 106,5,239,161,3 
../学習データ/調整データv2/品種/image/1_リンゴ/4_シナノスイート/37.apple-shinanosweet-1.jpg 108,39,213,117,3 111,80,278,257,3 
../学習データ/調整データv2/品種/image/1_リンゴ/4_シナノスイート/20.jpg 30,40,182,215,3 
../学習データ/調整データv2/品種/image/1_リンゴ/4_シナノスイート/142.sweet004.jpg 38,58,135,160,3 61,132,145,185,3 133,86,231,185,3 116,20,189,115,3 38,18,120,83,3 
../学習データ/調整データv2/品種/image/1_リンゴ/4_シナノスイート/114.sinano-suito.jpg 8,58,191,254,3 
../学習データ/調整データv2/品種/image/1_リンゴ/4_シナノスイート/234.shinanosuit_2kg_04.jpg 50,58,274,260,3 
../学習データ/調整データv2/品種/image/1_リンゴ/4_シナノスイート/212.20141022sinano08.jpg 249,104,393,237,3 154,187,322,327,3 322,214,470,353,3 117,169,246,295,3 
../学習データ/調整データv2/品種/image/1_リンゴ/4_シナノスイート/126.014000000001.jpg 74,147,285,359,3 356,98,656,402,2 
../学習データ/調整データv2/品種/image/1_リンゴ/4_シナノスイート/123.94448258.jpg 67,75,348,359,3 
../学習データ/調整データv2/品種/image/1_リンゴ/4_シナノスイート/232.pls_apple04_5.jpg 10,8,133,166,3 1,104,133,327,3 180,4,532,128,3 166,88,629,542,3 4,249,185,568,3 486,60,614,159,3 
../学習データ/調整データv2/品種/image/1_リンゴ/4_シナノスイート/63.shinanosweet10.jpg 140,19,318,201,3 
../学習データ/調整データv2/品種/image/1_リンゴ/4_シナノスイート/15.jpg 86,34,185,141,3 
../学習データ/調整データv2/品種/image/1_リンゴ/4_シナノスイート/252.2282032_listImage.jpg 75,37,294,246,3 226,207,319,303,3 
../学習データ/調整データv2/品種/image/1_リンゴ/4_シナノスイート/185.hqdefault.jpg 1,155,50,330,3 87,137,447,343,3 
../学習データ/調整データv2/品種/image/1_リンゴ/4_シナノスイート/8.sinanos_1.jpg 16,40,194,220,3 
../学習データ/調整データv2/品種/image/1_リンゴ/4_シナノスイート/9.jpg 15,62,150,206,3 
../学習データ/調整データv2/品種/image/1_リンゴ/4_シナノスイート/17.jpg 63,42,130,97,3 34,83,101,144,3 
../学習データ/調整データv2/品種/image/1_リンゴ/4_シナノスイート/132.20180827_78cda7.jpg 251,154,392,290,3 
../学習データ/調整データv2/品種/image/1_リンゴ/4_シナノスイート/230.shinanosuit_5kg_mid_01.jpg 336,5,678,347,3 108,166,386,446,3 8,66,193,304,3 108,2,393,172,3 9,305,149,444,3 
../学習データ/調整データv2/品種/image/1_リンゴ/4_シナノスイート/47.shinanosuite02.jpg 90,56,317,263,3 323,75,541,271,3 
../学習データ/調整データv2/品種/image/1_リンゴ/4_シナノスイート/8.jpg 0,18,88,129,3 54,32,215,187,3 
../学習データ/調整データv2/品種/image/1_リンゴ/4_シナノスイート/54.apple_sinanosweet.jpg 66,42,353,353,3 
../学習データ/調整データv2/品種/image/1_リンゴ/4_シナノスイート/217.shinanosuit_6kg_ka_01.jpg 526,0,718,142,3 356,187,576,372,3 46,164,350,404,3 225,37,493,308,3 
../学習データ/調整データv2/品種/image/1_リンゴ/4_シナノスイート/214.DSCF3881_sinanosui.jpg 349,13,400,132,3 335,171,399,257,3 5,2,125,98,3 115,6,223,105,3 12,58,180,240,3 147,160,367,279,3 207,3,375,168,3 
../学習データ/調整データv2/品種/image/1_リンゴ/4_シナノスイート/1.jpg 18,17,210,207,3 
../学習データ/調整データv2/品種/image/1_リンゴ/4_シナノスイート/199.sinano_sweet.jpg 35,28,201,167,3 
../学習データ/調整データv2/品種/image/1_リンゴ/4_シナノスイート/239.sinano_ki.jpg 110,75,169,131,3 166,1,228,50,3 1,205,58,260,3 163,154,211,208,3 
../学習データ/調整データv2/品種/image/1_リンゴ/4_シナノスイート/257.shinanosuit_2kg_04.jpg 50,58,274,260,3 
../学習データ/調整データv2/品種/image/1_リンゴ/4_シナノスイート/113.ringo-shinanosweet.jpg 1,829,603,1075,3 134,322,612,895,3 168,1,692,392,3 555,664,900,1080,3 652,210,900,676,3 
../学習データ/調整データv2/品種/image/1_リンゴ/4_シナノスイート/30.jpg 6,5,226,217,3 
../学習データ/調整データv2/品種/image/1_リンゴ/4_シナノスイート/62.imgrc0066487665.jpg 377,320,538,481,3 146,258,298,424,3 
../学習データ/調整データv2/品種/image/1_リンゴ/4_シナノスイート/11.jpg 76,43,147,114,3 44,115,103,181,3 
../学習データ/調整データv2/品種/image/1_リンゴ/4_シナノスイート/4.sinanosweet.jpg 42,67,302,313,3 
../学習データ/調整データv2/品種/image/1_リンゴ/4_シナノスイート/207.shinanosweetsan.jpg 225,1,380,151,3 1,5,161,252,3 7,59,380,380,3 
../学習データ/調整データv2/品種/image/1_リンゴ/4_シナノスイート/24.jpg 5,14,61,72,3 0,112,33,194,3 27,124,122,177,3 226,70,259,130,3 63,16,123,71,3 200,120,259,188,3 127,16,186,73,3 188,29,241,75,3 116,123,215,179,3 82,58,160,130,3 16,65,89,130,3 160,68,230,131,3 
../学習データ/調整データv2/品種/image/1_リンゴ/4_シナノスイート/16.shinanosweet-ringo-1.jpg 29,55,164,147,3 1,487,161,668,3 29,55,164,147,3 158,137,281,263,3 325,559,457,696,3 187,630,335,771,3 
../学習データ/調整データv2/品種/image/1_リンゴ/4_シナノスイート/29.jpg 105,33,225,206,3 
../学習データ/調整データv2/品種/image/1_リンゴ/4_シナノスイート/103.o0607108014604533706.jpg 21,83,366,444,3 108,656,477,1027,3 264,103,427,357,3 329,468,538,680,3 
../学習データ/調整データv2/品種/image/1_リンゴ/4_シナノスイート/10.shinanosweet-ringo-2.jpg 8,201,250,480,3 306,188,567,495,3 102,333,447,669,3 
../学習データ/調整データv2/品種/image/1_リンゴ/4_シナノスイート/166.0e35cd3581.jpg 123,7,192,75,3 33,8,131,86,5 168,57,227,131,3 203,6,267,74,5 278,9,348,84,3 65,54,151,131,5 250,58,331,131,5 194,113,301,197,3 108,118,193,204,5 42,187,138,274,3 12,116,105,200,3 249,186,368,272,3 296,111,385,195,5 144,175,252,282,5 
../学習データ/調整データv2/品種/image/1_リンゴ/4_シナノスイート/86.large_pic1_121.jpg 267,231,368,330,3 79,203,273,396,3 463,274,522,337,3 
../学習データ/調整データv2/品種/image/1_リンゴ/4_シナノスイート/176.sinano_sweet.jpg 35,28,201,167,3 
../学習データ/調整データv2/品種/image/1_リンゴ/4_シナノスイート/15.1020140912_5808517890941.jpg 166,296,244,382,3 75,247,161,332,3 342,416,435,526,3 350,352,440,447,3 257,352,331,459,3 183,233,252,326,3 278,156,368,244,3 450,333,530,434,3 93,185,181,273,3 357,271,441,379,3 206,108,281,199,3 451,259,541,369,3 191,181,271,256,3 262,296,339,381,3 277,224,354,311,3 362,206,454,298,3 
../学習データ/調整データv2/品種/image/1_リンゴ/4_シナノスイート/135.sinanos3.jpg 180,55,530,392,3 
../学習データ/調整データv2/品種/image/1_リンゴ/4_シナノスイート/6.jpg 75,16,127,60,3 174,16,216,55,3 229,26,258,81,3 84,2,119,30,3 2,72,55,149,3 32,10,72,49,3 124,8,163,41,3 7,39,68,83,3 201,89,255,170,3 123,29,175,74,3 65,53,122,101,3 33,96,131,180,3 185,43,243,103,3 126,128,223,193,3 124,70,191,129,3 
../学習データ/調整データv2/品種/image/1_リンゴ/4_シナノスイート/291.2282032_listImage.jpg 75,37,294,246,3 216,213,321,309,3 
../学習データ/調整データv2/品種/image/1_リンゴ/4_シナノスイート/2.sinanosweet.jpg 29,29,325,344,3 
../学習データ/調整データv2/品種/image/1_リンゴ/4_シナノスイート/110.apple_shi_0501_01.jpg 586,176,637,232,3 532,177,582,221,3 631,156,681,198,3 646,192,690,237,3 547,209,588,261,3 602,226,648,265,3 548,258,606,302,3 491,248,545,300,3 482,206,537,254,3 429,199,481,237,3 479,169,532,206,3 523,140,577,180,3 572,117,620,156,3 
../学習データ/調整データv2/品種/image/1_リンゴ/4_シナノスイート/18.jpg 0,123,42,184,3 15,45,49,70,3 39,61,99,126,3 78,153,142,215,3 
../学習データ/調整データv2/品種/image/1_リンゴ/4_シナノスイート/26.jpg 61,30,215,174,3 
../学習データ/調整データv2/品種/image/1_リンゴ/4_シナノスイート/247.2282030_listImage.jpg 75,37,294,246,3 228,214,321,306,3 
../学習データ/調整データv2/品種/image/1_リンゴ/4_シナノスイート/213.shinanosuit_6kg_ka_02.jpg 213,163,309,245,3 212,182,313,252,3 317,197,407,251,3 311,176,384,208,3 384,173,473,222,3 368,144,438,185,3 298,154,365,188,3 
../学習データ/調整データv2/品種/image/1_リンゴ/4_シナノスイート/21.jpg 212,37,259,108,3 0,60,29,126,3 179,0,248,48,3 0,4,34,63,3 115,18,211,105,3 8,64,130,181,3 23,11,113,74,3 148,91,258,189,3 
../学習データ/調整データv2/品種/image/1_リンゴ/4_シナノスイート/130.shinanosweet_wake5.jpg 76,100,340,350,3 
../学習データ/調整データv2/品種/image/1_リンゴ/4_シナノスイート/2.jpg 98,1,145,37,3 1,128,23,192,3 215,80,259,143,3 42,1,94,36,3 1,20,53,68,3 207,1,255,44,3 151,1,203,42,3 184,139,259,194,3 122,28,177,82,3 56,28,111,74,3 7,62,69,128,3 184,31,242,85,3 142,73,222,142,3 68,70,141,137,3 87,135,196,193,3 18,129,97,193,3 
../学習データ/調整データv2/品種/image/1_リンゴ/4_シナノスイート/3.jpg 227,107,284,174,3 81,0,151,44,3 249,0,285,63,3 0,76,40,157,3 38,82,134,165,3 135,90,223,163,3 165,0,238,56,3 104,38,190,107,3 199,42,277,117,3 23,33,100,98,3 
../学習データ/調整データv2/品種/image/1_リンゴ/4_シナノスイート/262.shinanosuit_5kg_mid_01.jpg 336,5,696,312,3 116,171,402,440,3 4,66,193,305,3 101,6,386,170,3 12,308,178,449,3 365,346,653,443,3 
../学習データ/調整データv2/品種/image/1_リンゴ/4_シナノスイート/277.sinanomain.jpg 0,146,66,327,3 56,73,235,257,3 
../学習データ/調整データv2/品種/image/1_リンゴ/4_シナノスイート/5.8471.jpg 18,148,142,270,3 96,91,284,268,3 
../学習データ/調整データv2/品種/image/1_リンゴ/4_シナノスイート/13.jpg 16,110,85,177,3 
../学習データ/調整データv2/品種/image/1_リンゴ/4_シナノスイート/12.jpg 0,37,39,113,3 55,56,125,111,3 5,85,82,149,3 84,7,156,62,3 197,76,263,137,3 108,82,176,142,3 56,118,137,175,3 139,46,209,101,3 150,121,238,172,3 
../学習データ/調整データv2/品種/image/1_リンゴ/4_シナノスイート/255.shinanosuit_10kg_ka_04.jpg 64,61,251,269,3 
../学習データ/調整データv2/品種/image/1_リンゴ/4_シナノスイート/235.20030902175437s.jpg 74,10,329,267,3 
../学習データ/調整データv2/品種/image/1_リンゴ/4_シナノスイート/278.sweet010b.jpg 258,281,378,394,3 77,378,168,462,3 334,335,426,437,3 89,210,169,285,3 167,170,275,283,3 431,302,529,418,3 24,295,97,368,3 441,199,525,275,3 
../学習データ/調整データv2/品種/image/1_リンゴ/4_シナノスイート/52.20141022sinano06.jpg 115,274,165,314,3 282,230,333,270,3 168,191,208,234,3 116,259,166,289,3 121,242,162,265,3 115,227,154,252,3 
../学習データ/調整データv2/品種/image/1_リンゴ/4_シナノスイート/20.sinanosweet.jpg 30,8,163,144,3 
../学習データ/調整データv2/品種/image/1_リンゴ/4_シナノスイート/19.jpg 63,50,169,168,3 
../学習データ/調整データv2/品種/image/1_リンゴ/4_シナノスイート/104.3apple.jpg 330,22,491,185,3 222,280,409,398,5 216,99,436,297,5 397,211,591,381,3 
../学習データ/調整データv2/品種/image/1_リンゴ/4_シナノスイート/22.jpg 86,22,171,115,3 31,84,150,224,3 
../学習データ/調整データv2/品種/image/1_リンゴ/4_シナノスイート/7.jpg 101,0,164,46,3 195,0,250,47,3 137,19,205,86,3 199,41,255,105,3 161,87,251,171,3 3,88,66,178,3 22,5,114,93,3 70,86,161,171,3 
../学習データ/調整データv2/品種/image/1_リンゴ/4_シナノスイート/1.img_2151.jpg 125,61,513,467,3 321,350,521,480,3 
../学習データ/調整データv2/品種/image/1_リンゴ/4_シナノスイート/216.hqdefault.jpg 1,155,50,330,3 86,139,447,351,3 272,40,480,254,3 7,40,211,268,3 
../学習データ/調整データv2/品種/image/1_リンゴ/4_シナノスイート/23.jpg 125,26,196,90,3 162,82,226,145,3 124,33,195,91,3 124,103,177,159,3 
../学習データ/調整データv2/品種/image/1_リンゴ/4_シナノスイート/81.main_shinano.jpg 12,164,608,650,3 
../学習データ/調整データv2/品種/image/1_リンゴ/4_シナノスイート/219.DSC_0551-1-800x450.jpg 375,225,420,269,3 165,225,227,272,3 107,219,153,266,3 51,249,115,298,3 59,342,127,385,3 11,228,64,280,3 3,281,47,333,3 273,226,333,282,3 198,269,245,317,3 278,282,330,334,3 226,312,287,363,3 162,313,223,376,3 153,370,217,403,3 218,368,273,398,3 272,355,331,396,3 201,83,251,130,5 196,150,243,186,5 276,52,318,79,5 248,72,288,113,5 290,76,330,113,5 288,128,333,178,5 222,121,274,168,5 451,218,499,265,3 346,248,392,294,3 430,259,478,304,3 462,291,512,343,3 436,335,490,386,3 377,278,431,325,3 373,71,407,100,5 413,72,448,102,5 435,97,473,132,5 396,97,438,123,5 356,97,397,127,5 351,126,384,157,5 439,144,482,189,5 416,123,450,159,5 359,154,394,181,5 400,156,441,194,5 344,182,388,208,5 491,62,525,103,3 526,70,574,98,3 587,93,633,132,3 575,125,624,155,3 528,112,576,158,3 503,125,527,156,3 590,233,640,292,3 606,292,661,343,3 650,351,713,393,3 583,342,644,391,3 542,304,604,356,3 700,265,757,323,3 745,303,800,357,3 755,212,800,264,3 718,234,770,271,3 678,210,723,256,3 658,123,693,153,3 731,125,788,158,3 721,97,775,128,3 697,56,733,92,3 672,73,712,104,3 640,83,681,120,3 626,40,663,85,3 
../学習データ/調整データv2/品種/image/1_リンゴ/4_シナノスイート/5.jpg 76,92,114,152,3 151,56,185,108,3 173,91,230,145,3 105,58,141,109,3 58,58,95,112,3 178,13,215,45,3 15,95,72,150,3 192,56,235,108,3 41,33,76,75,3 118,94,175,146,3 85,30,118,79,3 141,12,180,47,3 65,11,104,48,3 104,13,141,48,3 166,34,204,73,3 126,34,161,75,3 
../学習データ/調整データv2/品種/image/1_リンゴ/4_シナノスイート/251.000000000037-01-xl.jpg 517,139,671,237,3 546,216,727,343,3 259,244,398,355,3 83,210,259,349,3 376,128,512,210,3 405,204,534,290,3 242,171,378,273,3 408,262,579,413,3 249,327,443,501,3 
../学習データ/調整データv2/品種/image/1_リンゴ/4_シナノスイート/240.20141022sinano08.jpg 249,104,393,237,3 154,187,322,327,3 322,214,470,353,3 117,173,229,297,3 
../学習データ/調整データv2/品種/image/1_リンゴ/4_シナノスイート/229.sinano_suiito2.jpg 70,17,116,65,3 2,46,116,120,3 70,17,116,65,3 1,7,24,35,3 116,98,160,120,3 188,12,229,66,3 121,14,177,78,3 161,52,230,113,3 24,16,64,35,3 
../学習データ/調整データv2/品種/image/1_リンゴ/4_シナノスイート/228.0769-010.jpg 0,11,194,217,3 57,125,282,423,3 297,153,499,450,3 207,26,444,251,3 
../学習データ/調整データv2/品種/image/1_リンゴ/4_シナノスイート/30.shinanosweet_home10.jpg 64,102,339,347,3 
../学習データ/調整データv2/品種/image/1_リンゴ/4_シナノスイート/248.20170928172458.jpg 92,16,424,325,3 
../学習データ/調整データv2/品種/image/1_リンゴ/4_シナノスイート/133.sinanosweet.jpg 11,6,110,113,3 
../学習データ/調整データv2/品種/image/1_リンゴ/4_シナノスイート/300.sinano_img1.jpg 1,1,225,101,3 
../学習データ/調整データv2/品種/image/1_リンゴ/4_シナノスイート/14.jpg 176,89,223,141,3 88,46,139,98,3 5,105,53,157,3 121,78,184,137,3 56,79,124,140,3 28,130,91,197,3 98,130,163,196,3 162,126,222,190,3 18,47,81,108,3 
../学習データ/調整データv2/品種/image/1_リンゴ/4_シナノスイート/227.20170928172458.jpg 92,16,424,325,3 
../学習データ/調整データv2/品種/image/1_リンゴ/4_シナノスイート/231.shinanosuit_10kg_ka_04.jpg 64,61,251,269,3 
../学習データ/調整データv2/品種/image/1_リンゴ/4_シナノスイート/10.jpg 100,42,135,100,3 117,89,171,133,3 42,50,92,93,3 84,138,145,188,3 71,12,113,59,3 32,12,66,59,3 188,48,242,93,3 166,90,218,134,3 10,89,63,136,3 120,9,156,60,3 202,133,252,187,3 145,46,183,97,3 163,11,204,57,3 22,138,87,189,3 64,87,117,136,3 145,136,202,189,3 
../学習データ/調整データv2/品種/image/1_リンゴ/4_シナノスイート/25.1020140914_5808517a88871.jpg 249,364,333,446,3 351,342,433,438,3 92,255,183,322,3 176,302,254,375,3 104,198,184,277,3 284,230,351,316,3 350,426,427,495,3 442,328,548,421,3 208,128,293,205,3 357,282,447,365,3 280,179,372,247,3 187,254,265,320,3 207,182,277,268,3 449,265,550,348,3 362,209,458,299,3 263,300,350,381,3 
../学習データ/調整データv2/品種/image/1_リンゴ/4_シナノスイート/236.shinanosui-totu1.jpg 2,169,94,525,3 148,139,580,605,3 456,21,730,259,3 
../学習データ/調整データv2/品種/image/1_リンゴ/4_シナノスイート/17.sinanosweet1.jpg 45,2,199,164,3 
../学習データ/調整データv2/品種/image/1_リンゴ/4_シナノスイート/28.jpg 113,184,191,246,3 149,140,191,212,3 32,104,83,165,3 72,149,136,195,3 103,107,173,163,3 0,114,31,171,3 10,158,76,219,3 
../学習データ/調整データv2/品種/image/1_リンゴ/4_シナノスイート/209.sinano_suiito2.jpg 70,17,116,65,3 2,46,116,120,3 70,17,116,65,3 1,7,24,35,3 116,98,160,120,3 188,12,229,66,3 121,14,177,78,3 161,52,230,113,3 25,15,66,34,3 
../学習データ/調整データv2/品種/image/1_リンゴ/3_ジョナゴールド/4.jpg 162,0,197,28,2 122,0,166,41,2 35,0,75,33,2 150,20,199,68,2 24,64,73,112,2 48,27,98,71,2 155,104,204,158,2 78,0,120,34,2 27,159,65,218,2 97,25,150,68,2 39,108,97,163,2 126,63,176,112,2 70,158,130,219,2 74,63,122,113,2 131,159,194,216,2 98,107,156,162,2 
../学習データ/調整データv2/品種/image/1_リンゴ/3_ジョナゴールド/32.jpg 70,1,181,83,2 148,28,259,151,2 1,60,140,193,2 
../学習データ/調整データv2/品種/image/1_リンゴ/3_ジョナゴールド/204.gaikoku_jonagold221113.jpg 176,16,383,206,2 
../学習データ/調整データv2/品種/image/1_リンゴ/3_ジョナゴールド/213.jyonagold_w.jpg 51,66,296,316,2 
../学習データ/調整データv2/品種/image/1_リンゴ/3_ジョナゴールド/27.jpg 76,19,202,160,2 
../学習データ/調整データv2/品種/image/1_リンゴ/3_ジョナゴールド/177.Jonagold11s.jpg 7,19,69,79,2 52,11,136,107,2 
../学習データ/調整データv2/品種/image/1_リンゴ/3_ジョナゴールド/41.jpg 9,33,77,108,2 157,1,249,79,2 96,62,202,171,2 18,156,77,194,2 1,107,36,161,2 
../学習データ/調整データv2/品種/image/1_リンゴ/3_ジョナゴールド/237.0000000002472.jpg 351,203,397,340,2 333,51,400,185,2 114,48,255,156,2 1,130,124,250,2 88,205,248,343,2 220,123,373,232,2 
../学習データ/調整データv2/品種/image/1_リンゴ/3_ジョナゴールド/103.jonagld060911.jpg 250,225,431,362,2 287,42,494,252,2 112,56,281,205,2 71,170,258,337,2 409,144,590,340,2 293,112,469,295,2 
../学習データ/調整データv2/品種/image/1_リンゴ/3_ジョナゴールド/231.48006797.jpg 227,42,389,224,2 50,72,227,244,2 
../学習データ/調整データv2/品種/image/1_リンゴ/3_ジョナゴールド/118.jyonagold_yutai.jpg 25,46,328,327,2 
../学習データ/調整データv2/品種/image/1_リンゴ/3_ジョナゴールド/38.jpg 241,61,297,120,2 147,55,239,109,2 174,0,246,58,2 49,119,142,165,2 241,0,295,63,2 35,11,111,73,2 81,66,156,120,2 124,109,209,168,2 2,55,66,112,2 191,110,281,166,2 112,4,177,63,2 
../学習データ/調整データv2/品種/image/1_リンゴ/3_ジョナゴールド/33.jpg 45,9,222,185,2 
../学習データ/調整データv2/品種/image/1_リンゴ/3_ジョナゴールド/44.jpg 0,9,46,81,2 113,0,183,27,2 0,93,31,161,2 22,132,101,210,2 99,103,172,168,2 161,148,225,218,2 87,182,171,225,2 170,2,224,71,2 167,70,224,141,2 32,54,114,124,2 48,0,114,56,2 104,24,180,93,2 
../学習データ/調整データv2/品種/image/1_リンゴ/3_ジョナゴールド/31.jpg 129,151,195,201,2 19,122,74,177,2 1,75,34,126,2 99,80,133,120,2 183,62,219,121,2 70,44,101,84,2 72,122,128,173,2 121,78,185,119,2 20,112,54,141,2 19,122,74,177,2 47,73,97,121,2 169,113,218,158,2 101,36,152,79,2 24,41,69,75,2 147,43,185,77,2 115,116,158,153,2 
../学習データ/調整データv2/品種/image/1_リンゴ/3_ジョナゴールド/35.jpg 45,22,202,180,2 
../学習データ/調整データv2/品種/image/1_リンゴ/3_ジョナゴールド/16.jpg 3,18,191,206,2 
../学習データ/調整データv2/品種/image/1_リンゴ/3_ジョナゴールド/149.DSC05329.jpg 307,78,730,493,2 
../学習データ/調整データv2/品種/image/1_リンゴ/3_ジョナゴールド/9.jpg 58,24,190,162,2 
../学習データ/調整データv2/品種/image/1_リンゴ/3_ジョナゴールド/17.jpg 105,100,211,207,2 13,108,115,207,2 
../学習データ/調整データv2/品種/image/1_リンゴ/3_ジョナゴールド/87.21770_1.jpg 419,239,539,365,2 544,216,614,337,2 379,108,506,234,2 288,363,397,430,2 619,147,700,313,2 126,36,312,212,2 
../学習データ/調整データv2/品種/image/1_リンゴ/3_ジョナゴールド/59.apljngrd01.jpg 201,248,543,578,2 
../学習データ/調整データv2/品種/image/1_リンゴ/3_ジョナゴールド/262.Jyonagold17(5184-3456).jpg 270,3,739,529,2 
../学習データ/調整データv2/品種/image/1_リンゴ/3_ジョナゴールド/8.jpg 1,11,82,151,2 84,0,164,47,2 55,15,209,177,2 172,0,259,116,2 
../学習データ/調整データv2/品種/image/1_リンゴ/3_ジョナゴールド/293.014000000001.jpg 74,147,285,359,3 356,98,645,392,2 
../学習データ/調整データv2/品種/image/1_リンゴ/3_ジョナゴールド/206.Jyonagold15s.jpg 44,3,133,108,2 
../学習データ/調整データv2/品種/image/1_リンゴ/3_ジョナゴールド/172.Jonagold01s.jpg 87,3,158,81,2 23,17,96,112,2 
../学習データ/調整データv2/品種/image/1_リンゴ/3_ジョナゴールド/215.jona_img.jpg 82,436,135,488,2 77,296,127,348,2 57,53,109,108,2 379,1,459,53,2 464,59,558,162,2 460,241,492,275,2 494,478,592,583,2 378,204,444,264,2 420,146,484,210,2 430,81,472,164,2 334,261,467,393,2 224,278,335,396,2 204,38,291,126,2 300,109,369,179,2 38,160,93,215,2 8,23,60,77,2 137,39,182,91,2 105,196,142,229,2 152,289,204,342,2 78,351,126,396,2 105,402,142,435,2 27,428,57,457,2 35,321,69,350,2 18,336,57,369,2 189,387,213,407,2 147,390,173,417,2 297,419,323,443,2 487,257,527,296,2 
../学習データ/調整データv2/品種/image/1_リンゴ/3_ジョナゴールド/1.jpg 70,18,221,169,2 
../学習データ/調整データv2/品種/image/1_リンゴ/3_ジョナゴールド/50.jpg 162,8,247,110,2 5,75,118,192,2 108,92,229,193,2 65,1,181,100,2 
../学習データ/調整データv2/品種/image/1_リンゴ/3_ジョナゴールド/232.gaikoku_jonagold221113.jpg 176,16,383,206,2 
../学習データ/調整データv2/品種/image/1_リンゴ/3_ジョナゴールド/210.jonagold_10k_toku_001.jpg 93,57,285,284,2 
../学習データ/調整データv2/品種/image/1_リンゴ/3_ジョナゴールド/46.jpg 17,26,194,237,2 
../学習データ/調整データv2/品種/image/1_リンゴ/3_ジョナゴールド/49.jpg 26,98,124,190,2 31,9,121,99,2 128,1,224,96,2 124,96,218,188,2 
../学習データ/調整データv2/品種/image/1_リンゴ/3_ジョナゴールド/30.jpg 142,126,189,172,2 
../学習データ/調整データv2/品種/image/1_リンゴ/3_ジョナゴールド/11.jpg 65,50,197,187,2 
../学習データ/調整データv2/品種/image/1_リンゴ/3_ジョナゴールド/236.zyona.jpg 34,80,172,239,2 
../学習データ/調整データv2/品種/image/1_リンゴ/3_ジョナゴールド/45.jpg 242,53,300,118,2 185,93,261,152,2 65,84,129,133,2 135,26,195,80,2 191,16,267,72,2 6,79,71,148,2 6,6,76,72,2 74,20,137,84,2 124,83,188,140,2 67,131,137,168,2 
../学習データ/調整データv2/品種/image/1_リンゴ/3_ジョナゴールド/24.jpg 71,27,183,151,2 
../学習データ/調整データv2/品種/image/1_リンゴ/3_ジョナゴールド/75.710906_04.jpg 617,11,990,476,2 541,445,959,855,2 
../学習データ/調整データv2/品種/image/1_リンゴ/3_ジョナゴールド/37.jpg 161,4,224,117,2 161,4,224,117,2 8,1,143,83,2 1,75,183,224,2 
../学習データ/調整データv2/品種/image/1_リンゴ/3_ジョナゴールド/48.jpg 228,42,258,106,2 212,7,259,58,2 25,23,92,83,2 1,75,87,174,2 63,113,187,194,2 164,77,259,182,2 78,49,169,116,2 97,9,154,56,2 159,31,226,88,2 
../学習データ/調整データv2/品種/image/1_リンゴ/3_ジョナゴールド/128.sunjona_img02.jpg 66,184,298,360,2 240,246,464,475,2 466,259,730,505,2 
../学習データ/調整データv2/品種/image/1_リンゴ/3_ジョナゴールド/155.124525397.jpg 102,40,403,333,2 325,1,500,150,2 
../学習データ/調整データv2/品種/image/1_リンゴ/3_ジョナゴールド/277.0000000002472.jpg 333,51,400,185,2 118,46,259,187,2 1,125,130,274,2 88,205,248,343,2 222,123,375,228,2 
../学習データ/調整データv2/品種/image/1_リンゴ/3_ジョナゴールド/239.jyonagold.jpg 6,164,64,259,2 19,13,139,132,2 82,190,192,298,2 
../学習データ/調整データv2/品種/image/1_リンゴ/3_ジョナゴールド/6.jpg 60,31,166,127,2 174,89,224,215,2 1,49,59,170,2 162,12,223,138,2 1,10,84,64,1 
../学習データ/調整データv2/品種/image/1_リンゴ/3_ジョナゴールド/180.Jyonagold12(5184-3456).jpg 128,31,774,612,2 
../学習データ/調整データv2/品種/image/1_リンゴ/3_ジョナゴールド/205.jonagold1119no1-1.jpg 23,165,412,612,2 
../学習データ/調整データv2/品種/image/1_リンゴ/3_ジョナゴールド/21.jpg 161,3,204,41,2 63,2,105,44,2 88,28,142,76,2 98,14,155,64,2 154,16,208,63,2 1,70,55,123,2 115,2,154,45,2 204,20,251,65,2 201,54,258,100,2 28,30,77,81,2 14,108,89,179,2 182,89,259,156,2 100,100,175,172,2 159,152,256,193,2 126,55,198,109,2 60,61,124,119,2 
../学習データ/調整データv2/品種/image/1_リンゴ/3_ジョナゴールド/178.Jyonagold15s.jpg 44,3,133,108,2 
../学習データ/調整データv2/品種/image/1_リンゴ/3_ジョナゴールド/3.jpg 2,7,200,218,2 
../学習データ/調整データv2/品種/image/1_リンゴ/3_ジョナゴールド/15.000000000028-01-xl.jpg 350,256,440,365,2 226,240,314,329,2 275,119,375,220,2 390,139,500,249,2 566,221,684,366,2 352,82,452,188,2 387,317,503,446,2 436,203,534,340,2 489,274,582,403,2 91,191,185,324,2 509,161,630,283,2 127,279,232,394,2 309,378,401,483,2 177,157,282,286,2 255,299,362,413,2 311,185,409,311,2 
../学習データ/調整データv2/品種/image/1_リンゴ/3_ジョナゴールド/12.jpg 164,28,275,143,2 142,1,224,63,2 69,23,165,122,2 
../学習データ/調整データv2/品種/image/1_リンゴ/3_ジョナゴールド/42.jpg 208,46,259,96,2 228,102,257,166,2 1,37,51,102,2 2,1,50,46,2 1,103,44,180,2 201,1,255,46,2 105,5,156,43,2 157,15,212,68,2 48,15,108,67,2 20,143,108,193,2 165,65,239,134,2 40,73,111,136,2 172,137,258,194,2 98,96,180,179,2 105,40,167,99,2 
../学習データ/調整データv2/品種/image/1_リンゴ/3_ジョナゴールド/233.Jyonagold08s.jpg 86,9,170,92,2 15,10,86,92,2 
../学習データ/調整データv2/品種/image/1_リンゴ/3_ジョナゴールド/181.jyonagold_w.jpg 51,66,296,316,2 
../学習データ/調整データv2/品種/image/1_リンゴ/3_ジョナゴールド/240.000000000383-01-xl.jpg 339,187,434,301,2 241,236,415,375,2 507,247,614,358,2 395,133,501,241,2 350,84,455,185,2 520,135,623,241,2 422,300,534,410,2 450,198,558,305,2 306,295,401,389,2 576,215,685,297,2 200,180,295,273,2 112,226,222,322,2 275,142,380,243,2 245,234,351,332,2 
../学習データ/調整データv2/品種/image/1_リンゴ/3_ジョナゴールド/122.apple-jonagold3s.jpg 17,20,138,134,2 
../学習データ/調整データv2/品種/image/1_リンゴ/3_ジョナゴールド/19.jpg 57,28,195,178,2 
../学習データ/調整データv2/品種/image/1_リンゴ/3_ジョナゴールド/188.sunjona_img01.jpg 114,126,609,651,2 
../学習データ/調整データv2/品種/image/1_リンゴ/3_ジョナゴールド/22.jpg 163,110,257,194,2 197,6,254,136,2 104,0,195,49,2 0,0,100,104,2 61,26,199,168,2 
../学習データ/調整データv2/品種/image/1_リンゴ/3_ジョナゴールド/7.jpg 91,24,230,180,2 
../学習データ/調整データv2/品種/image/1_リンゴ/3_ジョナゴールド/268.jyonagold.jpg 1,159,66,264,2 19,13,139,132,2 82,190,192,298,2 
../学習データ/調整データv2/品種/image/1_リンゴ/3_ジョナゴールド/23.jpg 60,75,158,179,2 
../学習データ/調整データv2/品種/image/1_リンゴ/3_ジョナゴールド/97.01090125s.jpg 143,172,204,225,2 200,190,249,241,2 148,221,205,273,2 55,24,245,179,2 30,234,104,285,2 94,204,149,252,2 87,241,154,300,2 152,273,206,299,2 199,238,268,291,2 95,163,146,213,2 48,188,97,244,2 
../学習データ/調整データv2/品種/image/1_リンゴ/3_ジョナゴールド/5.jpg 4,52,194,207,2 
../学習データ/調整データv2/品種/image/1_リンゴ/3_ジョナゴールド/51.imgrc0063165408.jpg 292,191,500,379,2 76,49,336,276,2 
../学習データ/調整データv2/品種/image/1_リンゴ/3_ジョナゴールド/281.000000000383-01-xl.jpg 339,187,434,301,2 241,236,415,375,2 507,247,614,358,2 395,133,501,241,2 350,84,455,185,2 520,135,623,241,2 422,300,534,410,2 450,198,558,305,2 306,295,401,389,2 576,215,685,297,2 200,180,295,273,2 112,226,222,322,2 275,142,380,243,2 245,234,351,332,2 
../学習データ/調整データv2/品種/image/1_リンゴ/3_ジョナゴールド/40.jpg 29,1,113,48,2 1,1,30,97,2 101,148,257,194,2 187,1,259,101,2 42,17,212,170,2 
../学習データ/調整データv2/品種/image/1_リンゴ/3_ジョナゴールド/39.jpg 141,115,249,164,2 19,1,130,65,2 1,99,124,164,2 75,52,187,132,2 231,1,300,100,2 136,1,246,44,2 
../学習データ/調整データv2/品種/image/1_リンゴ/3_ジョナゴールド/144.apljngrdw01.jpg 218,237,596,576,2 
../学習データ/調整データv2/品種/image/1_リンゴ/3_ジョナゴールド/14.jpg 1,1,55,66,2 1,49,30,134,2 228,16,259,109,2 132,2,221,65,2 29,7,126,104,2 3,83,129,194,2 122,41,248,168,2 
../学習データ/調整データv2/品種/image/1_リンゴ/3_ジョナゴールド/10.jpg 1,1,55,66,2 1,49,30,134,2 228,16,259,109,2 132,2,221,65,2 29,7,126,104,2 1,83,132,194,2 129,41,251,168,2 
../学習データ/調整データv2/品種/image/1_リンゴ/3_ジョナゴールド/7.000000000378-01-l.jpg 99,210,263,344,2 511,132,637,219,2 552,199,690,328,2 398,177,518,293,2 261,162,387,252,2 382,118,509,210,2 412,249,573,404,2 265,242,397,319,2 246,293,444,482,2 
../学習データ/調整データv2/品種/image/1_リンゴ/3_ジョナゴールド/9.Jona-Gold05bs.jpg 30,2,148,126,2 
../学習データ/調整データv2/品種/image/1_リンゴ/3_ジョナゴールド/34.jpg 131,1,176,29,2 173,9,231,58,2 143,109,242,194,2 1,77,76,167,2 59,1,115,43,2 163,46,232,114,2 105,14,171,72,2 52,128,153,191,2 26,28,103,95,2 81,62,165,130,2 
../学習データ/調整データv2/品種/image/1_リンゴ/3_ジョナゴールド/99.df91c4113f88fb6aa4cf41dc9814cbb5.jpg 30,3,105,100,2 99,3,251,63,2 37,18,264,228,2 
../学習データ/調整データv2/品種/image/1_リンゴ/3_ジョナゴールド/43.jpg 18,103,72,154,2 70,114,131,169,2 137,57,201,108,2 31,10,79,53,2 70,61,140,106,2 137,115,205,180,2 143,7,198,55,2 139,179,211,225,2 20,50,77,101,2 80,8,143,63,2 1,167,76,223,2 70,175,146,225,2 
../学習データ/調整データv2/品種/image/1_リンゴ/3_ジョナゴールド/273.main3_jona-3_578_578.jpg 119,154,274,297,2 356,118,489,229,2 275,168,417,321,2 410,193,576,332,2 
../学習データ/調整データv2/品種/image/1_リンゴ/3_ジョナゴールド/28.jpg 187,48,225,131,2 107,34,190,116,2 1,108,61,196,2 32,52,119,139,2 89,15,148,66,2 149,4,211,52,2 142,111,218,192,2 64,130,156,218,2 13,19,85,89,2 
../学習データ/調整データv2/品種/image/1_リンゴ/3_ジョナゴールド/19.DSCF0583_2020040801591620e.jpg 0,0,416,370,2 
../学習データ/調整データv2/品種/image/1_リンゴ/3_ジョナゴールド/72.sub3_20181013zyonaCjpg_free_738.jpg 146,36,314,247,2 295,129,492,354,2 311,8,512,173,2 
../学習データ/調整データv2/品種/image/1_リンゴ/6_シナノゴールド/382.2282066_detailImage1.jpg 39,50,331,357,5 
../学習データ/調整データv2/品種/image/1_リンゴ/6_シナノゴールド/4.jpg 1,57,29,110,5 141,59,183,92,5 36,49,89,101,5 6,87,57,142,5 46,17,91,59,5 73,164,136,241,5 94,24,135,66,5 32,131,90,185,5 115,124,181,190,5 112,79,176,127,5 91,57,134,110,5 66,100,107,134,5 90,120,133,164,5 
../学習データ/調整データv2/品種/image/1_リンゴ/6_シナノゴールド/131.topics-t-gold-315150.jpg 259,16,315,126,5 140,0,260,96,5 
../学習データ/調整データv2/品種/image/1_リンゴ/6_シナノゴールド/156.moblog_c56c8cd6.jpg 1433,2358,2016,3058,5 984,1858,1500,2673,5 1403,1784,2016,2438,5 746,1477,1383,2063,5 18,1800,427,2504,5 59,1276,548,1890,5 173,2026,1139,2786,5 1090,863,1486,1255,5 1448,878,1756,1224,5 1459,1190,1848,1428,5 1752,979,2016,1328,5 821,201,1098,548,5 1009,417,1325,651,5 640,501,948,694,5 571,382,852,609,5 240,440,613,690,5 
../学習データ/調整データv2/品種/image/1_リンゴ/6_シナノゴールド/2.220px-Shinano_gold.jpg 147,44,214,114,5 76,41,144,115,5 8,47,76,113,5 76,41,144,115,5 145,44,217,113,5 
../学習データ/調整データv2/品種/image/1_リンゴ/6_シナノゴールド/30.sinanogold_r2_c2.jpg 1,61,624,636,5 
../学習データ/調整データv2/品種/image/1_リンゴ/6_シナノゴールド/29.000000000045-01-l.jpg 636,205,754,296,5 132,271,257,379,5 413,295,536,410,5 498,194,620,279,5 105,195,229,301,5 526,257,649,352,5 636,205,754,296,5 257,224,360,313,5 326,107,447,200,5 306,367,416,433,5 226,154,338,244,5 361,177,471,258,5 386,240,500,314,5 267,289,394,376,5 
../学習データ/調整データv2/品種/image/1_リンゴ/6_シナノゴールド/212.setu_gold.jpg 372,47,510,193,5 
../学習データ/調整データv2/品種/image/1_リンゴ/6_シナノゴールド/17.marukajirishinanogold1.jpg 245,196,663,617,5 
../学習データ/調整データv2/品種/image/1_リンゴ/6_シナノゴールド/16.imgShinanoGold.jpg 100,63,292,273,5 1,1,132,140,5 1,91,99,291,5 195,2,364,194,5 
../学習データ/調整データv2/品種/image/1_リンゴ/6_シナノゴールド/126.shinano-g01-300x283.jpg 140,10,300,202,5 
../学習データ/調整データv2/品種/image/1_リンゴ/6_シナノゴールド/33.20180825_4dfb84.jpg 96,80,352,317,5 96,80,352,317,5 2,159,103,378,5 
../学習データ/調整データv2/品種/image/1_リンゴ/6_シナノゴールド/499.shinanogold_5kg_sf_03.jpg 616,176,696,235,5 551,193,663,270,5 460,196,563,268,5 566,141,639,188,5 522,166,596,213,5 485,140,555,185,5 426,160,501,227,5 454,127,513,151,5 403,145,467,180,5 380,117,439,156,5 344,161,421,234,5 322,136,385,185,5 
../学習データ/調整データv2/品種/image/1_リンゴ/6_シナノゴールド/65.000000000043-01-l.jpg 391,149,506,231,5 360,99,481,179,5 224,306,328,373,5 551,228,667,306,5 330,261,436,339,5 291,201,401,286,5 523,162,630,266,5 455,277,558,345,5 267,138,381,227,5 354,320,472,402,5 192,245,302,317,5 64,226,185,312,5 177,186,274,266,5 422,212,530,297,5 
../学習データ/調整データv2/品種/image/1_リンゴ/6_シナノゴールド/495.shinano-gold-01.jpg 130,56,656,549,5 
../学習データ/調整データv2/品種/image/1_リンゴ/6_シナノゴールド/375.sinanogold.jpg 66,0,336,169,5 693,0,1000,225,5 155,353,662,618,5 18,109,263,618,5 668,177,992,618,5 262,3,712,390,5 
../学習データ/調整データv2/品種/image/1_リンゴ/6_シナノゴールド/455.shinano-gold-02.jpg 0,0,726,605,5 
../学習データ/調整データv2/品種/image/1_リンゴ/6_シナノゴールド/5.sinanogold.jpg 22,46,340,306,5 
../学習データ/調整データv2/品種/image/1_リンゴ/6_シナノゴールド/374.item_sinanogold.jpg 42,25,230,225,5 
../学習データ/調整データv2/品種/image/1_リンゴ/6_シナノゴールド/6.sinanogold.jpg 39,38,318,313,5 
../学習データ/調整データv2/品種/image/1_リンゴ/6_シナノゴールド/18.ca68462220fc9bd1616a128c920417b6.jpg 679,725,1181,1298,5 304,188,935,827,5 94,711,642,1276,5 915,317,1198,779,5 
../学習データ/調整データv2/品種/image/1_リンゴ/6_シナノゴールド/160.imgrc0096461401.jpg 276,242,561,411,5 342,334,677,670,5 42,321,345,615,5 
../学習データ/調整データv2/品種/image/1_リンゴ/6_シナノゴールド/386.139806072.jpg 60,36,226,160,5 50,127,236,307,5 212,73,387,247,5 
../学習データ/調整データv2/品種/image/1_リンゴ/6_シナノゴールド/490.002017000006.jpg 91,58,252,138,5 129,233,315,331,5 0,96,97,218,5 0,189,110,342,5 292,136,392,316,5 243,45,398,191,5 90,108,274,265,5 
../学習データ/調整データv2/品種/image/1_リンゴ/6_シナノゴールド/61.000000000247-01-l.jpg 44,204,220,336,5 44,204,220,336,5 550,161,723,331,5 372,153,543,271,5 219,194,386,335,5 412,241,593,403,5 238,298,444,493,5 359,93,500,174,5 518,104,655,204,5 215,140,372,239,5 
../学習データ/調整データv2/品種/image/1_リンゴ/6_シナノゴールド/24.94118696.jpg 217,69,391,277,5 38,22,223,170,5 28,130,229,339,5 
../学習データ/調整データv2/品種/image/1_リンゴ/6_シナノゴールド/354.gold02c.jpg 336,44,536,229,5 145,61,361,244,5 
../学習データ/調整データv2/品種/image/1_リンゴ/6_シナノゴールド/90.0309112941_5c8325157580c.jpg 1,44,177,353,5 176,179,506,488,5 7,488,257,616,5 454,308,640,619,5 427,1,625,174,5 
../学習データ/調整データv2/品種/image/1_リンゴ/6_シナノゴールド/246.sinanog_1.jpg 5,21,191,220,5 
../学習データ/調整データv2/品種/image/1_リンゴ/6_シナノゴールド/101.cdxbghmxkzuawf3gyk3q.jpg 52,255,658,924,5 
../学習データ/調整データv2/品種/image/1_リンゴ/6_シナノゴールド/28.aplsngy02.jpg 242,285,545,599,5 454,251,644,528,5 
../学習データ/調整データv2/品種/image/1_リンゴ/6_シナノゴールド/21.sinano.jpg 78,0,377,242,5 
../学習データ/調整データv2/品種/image/1_リンゴ/6_シナノゴールド/383.2019.10-26-2-600x450.jpg 134,68,442,397,5 
../学習データ/調整データv2/品種/image/1_リンゴ/6_シナノゴールド/219.sinanog_1.jpg 10,22,192,220,5 
../学習データ/調整データv2/品種/image/1_リンゴ/6_シナノゴールド/189.fujigold1640logo.jpg 486,157,585,257,5 107,217,274,348,1 44,64,161,159,1 224,21,331,126,5 406,96,511,178,5 324,27,432,119,5 178,311,344,451,1 171,78,292,172,1 292,89,402,172,5 275,222,428,364,1 422,221,552,344,5 78,133,200,195,1 
../学習データ/調整データv2/品種/image/1_リンゴ/6_シナノゴールド/19.p_gold02.jpg 121,83,259,201,5 249,124,392,270,5 
../学習データ/調整データv2/品種/image/1_リンゴ/6_シナノゴールド/34.000000000050-01-l.jpg 261,238,364,313,5 417,317,525,401,1 159,277,274,368,1 287,278,402,374,1 310,348,426,420,5 509,275,615,349,5 604,224,728,306,1 136,213,252,302,5 383,256,501,345,5 358,197,473,280,1 239,180,351,268,1 484,210,589,300,1 
../学習データ/調整データv2/品種/image/1_リンゴ/6_シナノゴールド/153.sinanogold.jpg 271,178,473,364,5 87,80,272,305,5 99,9,260,122,5 269,68,452,202,5 137,236,311,377,5 
../学習データ/調整データv2/品種/image/1_リンゴ/6_シナノゴールド/149.shinanogold2.jpg 0,71,81,202,5 467,224,540,372,5 4,159,169,270,5 79,68,206,171,5 81,225,237,380,5 264,83,387,190,5 150,132,285,249,5 351,137,504,264,5 174,325,360,469,5 344,265,520,456,5 251,189,398,340,5 
../学習データ/調整データv2/品種/image/1_リンゴ/6_シナノゴールド/459.ringo_shinanogo-rudo.jpg 104,35,451,367,5 
../学習データ/調整データv2/品種/image/1_リンゴ/6_シナノゴールド/30.000000000050-01-l.jpg 261,238,364,313,5 417,317,525,401,1 159,277,274,368,1 287,278,402,374,1 310,348,426,420,5 509,275,615,349,5 604,224,728,306,1 136,213,252,302,5 383,256,501,345,5 358,197,473,280,1 239,180,351,268,1 484,210,589,300,1 
../学習データ/調整データv2/品種/image/1_リンゴ/6_シナノゴールド/154.sinanogold650-300-1-2.jpg 43,2,196,102,5 444,37,584,104,5 3,66,107,147,5 254,75,494,208,5 278,23,403,94,5 155,36,296,159,5 230,97,547,287,5 11,100,274,287,5 480,83,647,168,5 
../学習データ/調整データv2/品種/image/1_リンゴ/6_シナノゴールド/25.94118696.jpg 217,69,391,277,5 38,22,223,170,5 28,130,229,339,5 
../学習データ/調整データv2/品種/image/1_リンゴ/6_シナノゴールド/348.shinanogold.jpg 331,89,624,391,5 
../学習データ/調整データv2/品種/image/1_リンゴ/6_シナノゴールド/78.manomi_shina_gold_01.jpg 553,1,688,194,5 355,83,596,344,5 
../学習データ/調整データv2/品種/image/1_リンゴ/6_シナノゴールド/1.jpg 161,63,206,106,5 109,62,152,106,5 68,93,127,145,5 5,91,68,143,5 194,92,253,144,5 131,93,194,145,5 51,61,97,107,5 180,35,223,76,5 109,14,152,51,5 137,37,173,75,5 87,38,121,73,5 66,16,106,50,5 39,35,77,74,5 154,17,194,50,5 
../学習データ/調整データv2/品種/image/1_リンゴ/6_シナノゴールド/415.137285403.jpg 53,338,140,417,5 93,0,261,120,5 208,27,407,202,5 
../学習データ/調整データv2/品種/image/1_リンゴ/6_シナノゴールド/83.10099759.jpg 144,92,404,389,5 
../学習データ/調整データv2/品種/image/1_リンゴ/6_シナノゴールド/214.73623855.jpg 351,48,400,145,5 170,7,267,95,5 93,62,206,167,5 4,219,211,400,5 2,116,117,268,5 298,117,400,243,5 142,116,282,259,5 219,216,387,389,5 222,51,350,154,5 
../学習データ/調整データv2/品種/image/1_リンゴ/6_シナノゴールド/70.180914-sg-01a.jpg 563,895,634,961,5 563,895,634,961,5 464,886,550,963,5 647,891,738,973,5 431,965,518,1038,5 525,976,618,1057,5 629,980,727,1068,5 
../学習データ/調整データv2/品種/image/1_リンゴ/6_シナノゴールド/369.sinanogold.jpg 75,36,237,197,5 
../学習データ/調整データv2/品種/image/1_リンゴ/6_シナノゴールド/300.sinanogold_img03.jpg 375,89,421,129,5 319,468,364,511,5 504,266,548,307,5 310,85,349,120,5 61,36,105,75,5 174,255,220,297,5 247,223,288,271,5 286,163,337,215,5 367,204,408,250,5 366,267,413,319,5 313,419,362,464,5 424,375,475,419,5 591,416,648,466,5 543,470,603,517,5 582,585,638,635,5 
../学習データ/調整データv2/品種/image/1_リンゴ/6_シナノゴールド/24.shinanogild_gift3.jpg 73,64,328,325,5 
../学習データ/調整データv2/品種/image/1_リンゴ/6_シナノゴールド/165.apple-shinanogold-2.jpg 138,131,277,264,5 
../学習データ/調整データv2/品種/image/1_リンゴ/6_シナノゴールド/25.shinanogild_gift3.jpg 73,64,328,325,5 
../学習データ/調整データv2/品種/image/1_リンゴ/6_シナノゴールド/242.sinano_gold.jpg 101,184,195,273,5 68,142,139,225,5 6,177,103,277,5 
../学習データ/調整データv2/品種/image/1_リンゴ/6_シナノゴールド/76.130433927.jpg 160,8,372,251,5 111,375,181,400,5 312,259,361,321,5 173,339,228,396,5 333,351,397,397,5 229,363,280,396,5 278,328,334,390,5 219,311,278,373,5 328,302,376,362,5 266,290,323,346,5 367,279,400,334,5 
../学習データ/調整データv2/品種/image/1_リンゴ/6_シナノゴールド/9.220px-Shinano_gold.jpg 147,44,214,114,5 76,41,144,115,5 8,47,76,113,5 76,41,144,115,5 145,44,217,113,5 
../学習データ/調整データv2/品種/image/1_リンゴ/6_シナノゴールド/283.sinanogold5k1.jpg 0,7,127,136,5 506,0,667,126,5 444,354,700,467,5 0,111,136,274,5 575,67,693,257,5 3,256,173,451,5 109,38,335,167,5 320,64,551,207,5 152,293,450,460,5 156,164,370,328,5 375,161,617,389,5 
../学習データ/調整データv2/品種/image/1_リンゴ/6_シナノゴールド/158.shinanogold3.jpg 171,68,541,385,5 
../学習データ/調整データv2/品種/image/1_リンゴ/6_シナノゴールド/336.20200311_5fbb26.jpg 518,102,598,295,5 233,39,394,173,5 237,5,349,71,5 1,63,130,177,5 6,260,161,550,5 1,147,154,322,5 397,203,592,449,5 138,89,293,230,5 173,169,353,398,5 222,305,491,577,5 322,115,502,275,5 118,28,261,114,5 433,66,597,169,5 
../学習データ/調整データv2/品種/image/1_リンゴ/6_シナノゴールド/414.e-shinano-5kg-p.jpg 337,137,459,248,5 248,43,324,105,5 438,174,571,285,5 396,56,471,116,5 240,183,360,286,5 401,83,496,146,5 29,174,153,284,5 154,148,247,253,5 178,69,247,119,5 84,84,171,142,5 430,130,522,197,5 167,103,244,168,5 336,114,418,165,5 250,81,330,134,5 61,125,155,203,5 330,62,399,127,5 251,136,338,193,5 107,54,176,87,5 
../学習データ/調整データv2/品種/image/1_リンゴ/6_シナノゴールド/179.setu_gold.jpg 372,47,510,193,5 
../学習データ/調整データv2/品種/image/1_リンゴ/6_シナノゴールド/17.sinano.jpg 78,0,377,242,5 
../学習データ/調整データv2/品種/image/1_リンゴ/6_シナノゴールド/6.jpg 174,15,220,54,5 66,16,117,55,5 148,43,200,95,5 122,14,170,55,5 26,39,86,88,5 183,77,255,140,5 41,80,111,135,5 92,43,141,95,5 113,78,180,132,5 
../学習データ/調整データv2/品種/image/1_リンゴ/6_シナノゴールド/384.shinano-300x225.jpg 64,27,234,195,5 
../学習データ/調整データv2/品種/image/1_リンゴ/6_シナノゴールド/328.gold02c.jpg 337,43,534,229,5 145,46,352,245,5 
../学習データ/調整データv2/品種/image/1_リンゴ/6_シナノゴールド/98.sinanogold_title_pc.jpg 8,75,69,226,5 292,112,519,333,5 66,0,343,124,5 39,77,353,365,5 
../学習データ/調整データv2/品種/image/1_リンゴ/6_シナノゴールド/6.imgShinanoGold.jpg 85,58,316,263,5 1,1,132,140,5 1,91,99,291,5 195,2,364,194,5 
../学習データ/調整データv2/品種/image/1_リンゴ/6_シナノゴールド/20.large_pic1_122.jpg 361,162,553,339,5 
../学習データ/調整データv2/品種/image/1_リンゴ/6_シナノゴールド/2.jpg 53,108,174,233,5 1,56,97,162,5 100,40,181,119,5 
../学習データ/調整データv2/品種/image/1_リンゴ/6_シナノゴールド/14.apple_shinanogold_01.jpg 100,11,314,243,5 
../学習データ/調整データv2/品種/image/1_リンゴ/6_シナノゴールド/3.jpg 10,69,165,221,5 
../学習データ/調整データv2/品種/image/1_リンゴ/6_シナノゴールド/276.shinanogild_topimg.jpg 364,131,631,401,5 
../学習データ/調整データv2/品種/image/1_リンゴ/6_シナノゴールド/150.D3X7843.jpg 2567,838,3799,1966,5 2894,1680,4409,2925,5 1261,1403,2702,2787,5 
../学習データ/調整データv2/品種/image/1_リンゴ/6_シナノゴールド/108.shinanogold.jpg 205,186,382,330,5 379,175,560,308,5 453,263,683,488,5 215,39,377,170,5 385,32,549,175,5 151,144,240,260,5 
../学習データ/調整データv2/品種/image/1_リンゴ/6_シナノゴールド/157.o_002_thumbnail.jpg 19,29,175,171,5 
../学習データ/調整データv2/品種/image/1_リンゴ/6_シナノゴールド/274.shinano_gold_photo.jpg 44,84,141,163,5 255,130,359,216,5 206,180,333,289,5 111,146,230,229,5 107,225,222,336,5 
../学習データ/調整データv2/品種/image/1_リンゴ/6_シナノゴールド/211.11151419_564815cf8f7ed.jpg 137,266,242,353,5 143,182,236,265,5 59,186,152,264,5 61,271,143,358,5 
../学習データ/調整データv2/品種/image/1_リンゴ/6_シナノゴールド/310.imgrc0070334931.jpg 63,467,358,766,5 
../学習データ/調整データv2/品種/image/1_リンゴ/6_シナノゴールド/394.IMG_8893.jpg 1996,1035,3040,1979,5 2884,1416,3968,2462,5 
../学習データ/調整データv2/品種/image/1_リンゴ/6_シナノゴールド/272.fruits-apple-shinanogold-nagano.jpg 57,131,325,407,5 513,157,795,416,5 319,79,543,284,5 
../学習データ/調整データv2/品種/image/1_リンゴ/6_シナノゴールド/4.sinanogold.jpg 28,69,320,338,5 
../学習データ/調整データv2/品種/image/1_リンゴ/6_シナノゴールド/15.apple_shinanogold_01.jpg 100,11,314,243,5 
../学習データ/調整データv2/品種/image/1_リンゴ/6_シナノゴールド/413.imgrc0064124500.jpg 233,134,444,315,5 21,117,228,277,5 
../学習データ/調整データv2/品種/image/1_リンゴ/6_シナノゴールド/183.kiri-.jpg 0,30,170,212,5 159,20,325,221,5 314,34,484,164,5 
../学習データ/調整データv2/品種/image/1_リンゴ/6_シナノゴールド/188.sinano2.jpg 0,0,74,147,5 87,0,242,103,5 0,264,142,448,5 345,354,600,442,5 229,29,411,203,5 420,0,588,151,5 392,135,591,355,5 5,75,206,273,5 157,200,401,425,5 
../学習データ/調整データv2/品種/image/1_リンゴ/6_シナノゴールド/7.jpg 41,108,162,227,5 
../学習データ/調整データv2/品種/image/1_リンゴ/6_シナノゴールド/218.shinanoGOLD_main.jpg 410,0,548,91,5 295,35,502,218,5 496,30,673,171,5 
../学習データ/調整データv2/品種/image/1_リンゴ/6_シナノゴールド/462.20191201125304.jpg 61,49,347,358,5 
../学習データ/調整データv2/品種/image/1_リンゴ/6_シナノゴールド/18.large_pic1_122.jpg 361,162,553,339,5 
../学習データ/調整データv2/品種/image/1_リンゴ/6_シナノゴールド/393.MG_2980.jpg 3716,2240,5184,3456,5 1528,799,3970,3067,5 
../学習データ/調整データv2/品種/image/1_リンゴ/6_シナノゴールド/444.shinano_bro5kg_01.jpg 434,284,635,419,3 438,26,604,162,5 601,109,708,277,3 605,267,713,438,3 112,311,289,430,5 281,129,455,283,5 438,156,612,303,3 278,284,461,426,5 
../学習データ/調整データv2/品種/image/1_リンゴ/6_シナノゴールド/5.jpg 2,76,62,194,5 56,88,259,192,5 1,23,43,100,5 28,3,118,65,5 173,32,259,116,5 35,26,168,140,5 125,10,209,63,5 
../学習データ/調整データv2/品種/image/1_リンゴ/6_シナノゴールド/244.73623860.jpg 351,48,400,145,5 170,7,267,95,5 7,220,210,400,5 93,62,206,167,5 2,116,117,268,5 298,117,400,243,5 142,116,282,259,5 219,216,387,389,5 222,51,350,154,5 
../学習データ/調整データv2/品種/image/1_リンゴ/6_シナノゴールド/395.gold5.jpg 336,306,520,482,5 99,471,256,576,5 607,301,868,533,5 62,276,161,376,5 
../学習データ/調整データv2/品種/image/1_リンゴ/6_シナノゴールド/15.ca68462220fc9bd1616a128c920417b6.jpg 679,725,1181,1298,5 304,188,935,827,5 94,711,642,1276,5 
../学習データ/調整データv2/品種/image/1_リンゴ/6_シナノゴールド/151.e-shinano-i18.jpg 0,58,166,331,5 141,18,392,265,5 
../学習データ/調整データv2/品種/image/1_リンゴ/6_シナノゴールド/252.11151419_564815cf8f7ed.jpg 137,266,242,353,5 143,182,236,265,5 59,186,152,264,5 60,267,143,356,5 
../学習データ/調整データv2/品種/image/1_リンゴ/6_シナノゴールド/66.apple_shinanogold_01-240x240.jpg 6,8,228,234,5 
../学習データ/調整データv2/品種/image/1_リンゴ/6_シナノゴールド/111.sinanog_3k.jpg 387,39,694,392,5 47,63,366,370,5 168,175,545,600,5 
../学習データ/調整データv2/品種/image/1_リンゴ/6_シナノゴールド/40.20180825_4dfb84.jpg 96,80,352,317,5 96,80,352,317,5 2,159,103,378,5 
../学習データ/調整データv2/品種/image/1_リンゴ/6_シナノゴールド/3.marukajirishinanogold1.jpg 245,196,663,617,5 
../学習データ/調整データv2/品種/image/1_リンゴ/6_シナノゴールド/360.2282066_detailImage1.jpg 39,50,331,357,5 
../学習データ/調整データv2/品種/image/1_リンゴ/6_シナノゴールド/86.shinano-g02-300x300.jpg 81,87,187,198,5 170,130,258,226,5 
../学習データ/調整データv2/品種/image/1_リンゴ/6_シナノゴールド/224.sinano2.jpg 0,0,74,147,5 87,0,242,103,5 0,264,142,448,5 345,354,600,442,5 229,29,411,203,5 420,0,588,151,5 392,135,591,355,5 5,75,206,273,5 157,200,401,425,5 
../学習データ/調整データv2/品種/image/1_リンゴ/6_シナノゴールド/392.shinano_bro3kg_05.jpg 40,41,211,212,3 30,207,204,353,5 
../学習データ/調整データv2/品種/image/1_リンゴ/6_シナノゴールド/385.P10100801.jpg 93,54,239,213,5 
../学習データ/調整データv2/品種/image/1_リンゴ/6_シナノゴールド/232.fruits-apple-shinanogold-nagano.jpg 57,131,325,407,5 513,157,795,416,5 319,79,543,284,5 
../学習データ/調整データv2/品種/image/1_リンゴ/6_シナノゴールド/466.137285403.jpg 53,338,140,417,5 93,0,261,120,5 208,27,407,202,5 
../学習データ/調整データv2/品種/image/1_リンゴ/6_シナノゴールド/32.aplsngy02.jpg 242,285,545,599,5 
../学習データ/調整データv2/品種/image/1_リンゴ/7_星の金貨/129.hk2004.jpg 269,90,359,203,6 543,84,626,220,6 532,212,637,349,6 5,84,105,169,6 106,60,216,146,6 404,8,475,91,6 123,116,284,227,6 380,73,465,156,6 311,25,402,103,6 0,136,129,279,6 42,390,260,480,6 470,47,548,143,6 224,44,309,127,6 305,140,489,298,6 15,254,175,421,6 411,270,567,431,6 164,191,337,350,6 242,336,427,478,6 
../学習データ/調整データv2/品種/image/1_リンゴ/7_星の金貨/103.hosinokinka.jpg 26,68,336,338,6 
../学習データ/調整データv2/品種/image/1_リンゴ/7_星の金貨/94.0000000004182_M4Mu8Ig.jpg 107,102,549,502,6 
../学習データ/調整データv2/品種/image/1_リンゴ/7_星の金貨/25.jpg 87,11,254,120,6 314,136,480,291,6 252,59,388,228,6 172,209,354,385,6 68,89,275,301,6 
../学習データ/調整データv2/品種/image/1_リンゴ/7_星の金貨/138.000000000180-01-xl.jpg 103,310,199,394,6 446,394,538,469,6 238,211,335,299,6 188,356,289,432,6 284,403,389,482,6 424,298,517,389,6 306,161,402,254,6 165,254,269,350,6 385,442,478,517,6 508,339,619,429,6 326,244,426,355,6 375,126,461,210,6 643,247,730,323,6 480,247,581,343,6 354,341,453,441,6 457,155,551,262,6 397,209,488,300,6 546,210,641,300,6 261,304,352,387,6 573,294,674,376,6 
../学習データ/調整データv2/品種/image/1_リンゴ/7_星の金貨/120.hk2002.jpg 77,265,173,353,6 284,60,360,134,6 271,263,365,348,6 368,268,472,343,6 446,58,520,135,6 471,262,557,347,6 272,180,371,278,6 176,265,263,348,6 114,63,192,134,6 366,64,436,134,6 109,118,182,204,6 281,118,363,200,6 451,120,536,205,6 203,61,276,133,6 88,191,183,275,6 374,187,457,274,6 178,185,272,275,6 457,182,550,275,6 187,120,277,195,6 367,126,449,198,6 
../学習データ/調整データv2/品種/image/1_リンゴ/7_星の金貨/88.d0007875_16162299.jpg 158,74,188,100,6 122,37,156,70,6 137,187,172,224,6 102,180,136,212,6 134,90,163,121,6 111,64,144,99,6 174,132,199,161,6 180,54,211,87,6 177,86,212,116,6 101,86,133,125,6 153,103,183,138,6 160,162,193,198,6 
../学習データ/調整データv2/品種/image/1_リンゴ/7_星の金貨/23.d0007875_9465566.jpg 304,269,423,400,4 55,255,184,416,6 522,15,682,145,5 539,277,675,409,7 
../学習データ/調整データv2/品種/image/1_リンゴ/7_星の金貨/175.DSC01124_convert_20140201194624.jpg 49,5,315,261,6 
../学習データ/調整データv2/品種/image/1_リンゴ/7_星の金貨/27.jpg 456,92,765,401,6 4,93,339,431,6 
../学習データ/調整データv2/品種/image/1_リンゴ/7_星の金貨/20.jpg 679,268,746,470,6 197,618,510,700,6 1,372,45,649,6 349,266,571,496,6 531,383,746,587,6 7,271,211,501,6 24,515,252,696,6 164,397,425,599,6 407,506,622,697,6 300,90,501,268,6 478,179,707,369,6 111,178,364,372,6 623,594,750,700,6 
../学習データ/調整データv2/品種/image/1_リンゴ/7_星の金貨/241.7e1124ca3f3073080bb7e5838786a385.jpg 51,26,344,288,6 
../学習データ/調整データv2/品種/image/1_リンゴ/7_星の金貨/36.hoshinokinka5gift.jpg 91,74,345,337,6 
../学習データ/調整データv2/品種/image/1_リンゴ/7_星の金貨/135.kinka_title_pc.jpg 185,45,373,254,6 185,45,373,254,6 3,146,184,335,6 
../学習データ/調整データv2/品種/image/1_リンゴ/7_星の金貨/44.hoshinokinka_2.jpg 17,31,348,353,6 
../学習データ/調整データv2/品種/image/1_リンゴ/7_星の金貨/168.apple_hoshi.jpg 35,20,242,181,6 
../学習データ/調整データv2/品種/image/1_リンゴ/7_星の金貨/56.d0007875_1616592.jpg 144,74,192,116,6 291,134,307,201,6 277,38,301,82,6 176,47,232,104,6 84,185,173,229,6 177,89,252,156,6 220,14,283,69,6 100,86,200,203,6 243,68,300,148,6 194,143,302,227,6 
../学習データ/調整データv2/品種/image/1_リンゴ/7_星の金貨/31.jpg 143,155,365,299,6 149,265,424,534,6 404,208,681,469,6 245,1,518,272,6 494,93,621,234,6 
../学習データ/調整データv2/品種/image/1_リンゴ/7_星の金貨/15.jpg 17,68,336,338,6 
../学習データ/調整データv2/品種/image/1_リンゴ/7_星の金貨/16.jpg 185,45,382,247,6 3,146,184,335,6 
../学習データ/調整データv2/品種/image/1_リンゴ/7_星の金貨/125.Hoshinokinka10(5184-3456).jpg 491,35,942,512,6 75,84,520,615,6 
../学習データ/調整データv2/品種/image/1_リンゴ/7_星の金貨/9.jpg 61,53,153,136,6 158,45,253,134,6 
../学習データ/調整データv2/品種/image/1_リンゴ/7_星の金貨/178.000000000181-01-xl.jpg 182,269,276,347,6 105,216,197,301,6 257,317,357,411,6 329,107,412,201,6 324,359,446,465,6 421,336,503,423,6 487,294,582,374,6 627,208,723,297,6 627,208,723,297,6 182,177,274,275,6 105,216,197,301,6 329,107,412,201,6 324,359,446,465,6 423,332,503,415,6 261,150,344,236,6 487,294,582,374,6 541,160,640,252,6 182,269,276,347,6 472,120,556,205,6 479,200,563,286,6 257,317,357,411,6 337,196,415,282,6 559,255,641,320,6 399,161,489,236,6 333,277,433,366,6 417,246,495,319,6 261,233,350,318,6 
../学習データ/調整データv2/品種/image/1_リンゴ/7_星の金貨/17.jpg 176,133,599,585,6 
../学習データ/調整データv2/品種/image/1_リンゴ/7_星の金貨/218.13102312.jpg 91,48,322,295,6 
../学習データ/調整データv2/品種/image/1_リンゴ/7_星の金貨/42.hoshinokinka_topimg.jpg 287,123,577,375,6 
../学習データ/調整データv2/品種/image/1_リンゴ/7_星の金貨/8.jpg 14,13,205,200,6 
../学習データ/調整データv2/品種/image/1_リンゴ/7_星の金貨/2.hoshi-j-3.jpg 34,41,269,270,6 
../学習データ/調整データv2/品種/image/1_リンゴ/7_星の金貨/79.000000000164-01-l.jpg 334,130,452,229,6 240,238,396,387,6 409,277,568,432,6 531,229,658,339,6 373,195,493,309,6 479,142,600,249,6 73,228,254,360,6 255,285,431,497,6 224,177,341,267,6 617,168,760,299,6 436,109,553,183,6 
../学習データ/調整データv2/品種/image/1_リンゴ/7_星の金貨/1.jpg 0,21,194,235,6 
../学習データ/調整データv2/品種/image/1_リンゴ/7_星の金貨/38.apple-syoukai_hoshinokinka.jpg 757,46,916,241,6 
../学習データ/調整データv2/品種/image/1_リンゴ/7_星の金貨/22.cut_kinka_08.jpg 151,217,311,375,6 286,137,438,305,6 340,1,480,72,6 
../学習データ/調整データv2/品種/image/1_リンゴ/7_星の金貨/251.13102312.jpg 91,48,322,295,6 
../学習データ/調整データv2/品種/image/1_リンゴ/7_星の金貨/167.gdkinka_2.jpg 793,71,964,185,6 644,21,783,125,6 636,84,828,256,6 478,6,638,165,6 300,0,477,146,6 327,145,707,475,6 
../学習データ/調整データv2/品種/image/1_リンゴ/7_星の金貨/9.kinka.jpg 1,25,225,386,6 246,0,584,229,6 135,129,646,538,6 
../学習データ/調整データv2/品種/image/1_リンゴ/7_星の金貨/1.hoshikin.jpg 77,29,281,232,6 
../学習データ/調整データv2/品種/image/1_リンゴ/7_星の金貨/11.jpg 86,83,174,181,6 
../学習データ/調整データv2/品種/image/1_リンゴ/7_星の金貨/84.539.jpg 1462,1276,1692,1537,6 1182,1451,1446,1659,6 2337,840,2533,1056,6 2609,954,2798,1137,6 2386,1023,2581,1244,6 2386,1228,2598,1481,6 2192,1619,2463,1890,6 1175,1234,1482,1446,6 2455,1446,2674,1711,6 1707,1454,1951,1685,6 2670,1363,2923,1590,6 1714,1240,1939,1451,6 2601,1159,2857,1350,6 2737,1587,2981,1864,6 2192,1619,2463,1890,6 2609,954,2798,1137,6 2386,1023,2581,1244,6 2601,1159,2857,1350,6 2670,1363,2923,1590,6 2386,1228,2598,1481,6 1714,1240,1939,1451,6 2455,1446,2674,1711,6 1707,1454,1951,1685,6 2170,1403,2449,1656,6 2165,1188,2401,1393,6 2138,1003,2370,1172,6 2101,845,2333,998,6 2517,614,2733,793,6 2307,661,2507,835,6 2044,261,2280,524,6 2280,293,2428,440,6 2417,245,2596,398,6 2354,118,2538,245,6 2196,61,2365,235,6 2028,130,2201,256,6 1754,51,1901,177,6 1701,167,1901,303,6 1580,93,1701,214,6 1544,235,1712,351,6 1375,45,1554,156,6 1370,140,1538,272,6 1349,277,1554,430,6 1733,1014,1928,1219,6 1722,840,1928,1003,6 1501,677,1712,856,6 1501,861,1712,1009,6 1480,1019,1728,1245,6 1228,1009,1475,1219,6 1259,845,1486,1030,6 1275,682,1517,851,6 1722,1698,2007,1935,6 117,724,354,935,6 38,919,254,1130,6 49,1130,222,1324,6 1,456,180,603,6 33,298,275,456,6 128,156,328,309,6 191,467,359,624,6 307,272,512,482,6 280,14,480,167,6 2478,1709,2741,1903,6 
../学習データ/調整データv2/品種/image/1_リンゴ/7_星の金貨/24.jpg 280,15,529,257,6 
../学習データ/調整データv2/品種/image/1_リンゴ/7_星の金貨/73.hosinokinkaringo5k.jpg 579,77,698,264,6 7,140,59,239,6 5,184,184,465,6 352,340,643,465,6 64,346,301,465,6 447,15,648,163,6 9,31,175,195,6 96,126,289,302,6 500,207,692,394,6 221,16,414,202,6 369,113,559,311,6 207,207,470,441,6 
../学習データ/調整データv2/品種/image/1_リンゴ/7_星の金貨/263.2ark44.jpg 9,64,195,244,6 190,26,340,195,6 
../学習データ/調整データv2/品種/image/1_リンゴ/7_星の金貨/6.hosinokinka.jpg 20,15,181,184,6 
../学習データ/調整データv2/品種/image/1_リンゴ/7_星の金貨/261.hosino.jpg 118,33,172,75,6 121,89,181,120,6 95,0,143,36,6 169,19,226,73,6 156,68,220,110,6 13,8,122,108,6 
../学習データ/調整データv2/品種/image/1_リンゴ/7_星の金貨/81.133131728.jpg 64,53,372,363,6 
../学習データ/調整データv2/品種/image/1_リンゴ/7_星の金貨/118.kinka_img01.jpg 176,135,599,586,6 
../学習データ/調整データv2/品種/image/1_リンゴ/7_星の金貨/62.imgrc0076699582.jpg 64,384,265,562,6 
../学習データ/調整データv2/品種/image/1_リンゴ/7_星の金貨/206.gdkinka_2.jpg 793,71,964,185,6 644,21,783,125,6 636,84,828,256,6 478,6,638,165,6 300,0,477,146,6 327,145,707,475,6 
../学習データ/調整データv2/品種/image/1_リンゴ/7_星の金貨/13.hosi_no_kinka070512.jpg 87,11,254,120,6 314,136,480,291,6 252,52,373,228,6 182,220,352,378,6 75,80,256,309,6 
../学習データ/調整データv2/品種/image/1_リンゴ/7_星の金貨/6.jpg 44,88,128,137,6 132,86,216,151,6 96,12,188,108,6 18,1,103,88,6 38,110,121,210,6 
../学習データ/調整データv2/品種/image/1_リンゴ/7_星の金貨/18.jpg 81,1,427,273,6 149,187,537,599,6 
../学習データ/調整データv2/品種/image/1_リンゴ/7_星の金貨/26.jpg 695,705,770,755,6 606,774,666,832,6 635,695,685,751,6 501,721,563,784,6 599,657,656,709,6 550,691,613,744,6 576,733,654,790,6 671,660,728,711,6 635,695,685,751,6 588,733,638,784,6 599,657,656,709,6 501,721,563,784,6 671,660,728,711,6 60,200,288,429,6 339,424,674,754,6 1,384,341,684,6 199,84,560,432,6 494,276,691,472,6 529,770,597,828,6 
../学習データ/調整データv2/品種/image/1_リンゴ/7_星の金貨/133.o0480085414637501024.jpg 106,316,480,752,6 2,8,354,391,6 
../学習データ/調整データv2/品種/image/1_リンゴ/7_星の金貨/47.img57553711.jpg 168,104,596,396,6 
../学習データ/調整データv2/品種/image/1_リンゴ/7_星の金貨/21.jpg 279,11,523,264,6 21,32,295,320,6 
../学習データ/調整データv2/品種/image/1_リンゴ/7_星の金貨/15.hoshinokinka.jpg 148,55,450,357,6 
../学習データ/調整データv2/品種/image/1_リンゴ/7_星の金貨/4.hk_st150.jpg 13,13,132,133,6 
../学習データ/調整データv2/品種/image/1_リンゴ/7_星の金貨/232.img20160129081530860978.jpg 280,322,527,589,6 412,439,640,674,6 
../学習データ/調整データv2/品種/image/1_リンゴ/7_星の金貨/2.jpg 84,12,215,147,6 
../学習データ/調整データv2/品種/image/1_リンゴ/7_星の金貨/123.hoshinokinka.jpg 398,380,1938,1660,6 
../学習データ/調整データv2/品種/image/1_リンゴ/7_星の金貨/3.jpg 185,1,273,60,6 1,1,68,60,6 1,55,105,149,6 205,43,306,153,6 91,5,188,93,6 98,76,216,165,6 
../学習データ/調整データv2/品種/image/1_リンゴ/7_星の金貨/66.gdkinka_sd.jpg 275,54,422,180,6 521,124,657,264,6 6,183,197,346,6 431,30,590,191,6 347,112,473,255,6 144,105,307,229,6 433,193,583,347,6 289,276,504,476,6 204,185,384,351,6 
../学習データ/調整データv2/品種/image/1_リンゴ/7_星の金貨/13.jpg 44,22,205,181,6 
../学習データ/調整データv2/品種/image/1_リンゴ/7_星の金貨/12.jpg 24,130,89,189,6 14,19,89,101,1 127,128,207,204,7 
../学習データ/調整データv2/品種/image/1_リンゴ/7_星の金貨/136.yama_hosikin.jpg 120,168,570,536,6 
../学習データ/調整データv2/品種/image/1_リンゴ/7_星の金貨/16.hosinokinka.jpg 467,32,569,118,6 408,58,574,224,6 53,29,256,204,6 329,11,461,141,6 
../学習データ/調整データv2/品種/image/1_リンゴ/7_星の金貨/131.Hoshinokinka01(5184-3456).jpg 186,262,490,592,6 350,16,681,288,6 525,229,881,591,6 
../学習データ/調整データv2/品種/image/1_リンゴ/7_星の金貨/25.hosikin_002.jpg 3,341,56,477,6 323,330,432,415,6 407,79,551,203,6 54,182,218,316,6 323,330,432,415,6 203,357,311,465,6 308,152,405,242,6 579,157,679,275,6 427,347,538,440,6 495,401,607,515,6 
../学習データ/調整データv2/品種/image/1_リンゴ/7_星の金貨/233.29rk44.jpg 164,0,350,144,6 42,98,261,251,6 13,0,184,134,6 
../学習データ/調整データv2/品種/image/1_リンゴ/7_星の金貨/19.jpg 205,226,379,397,6 181,88,329,234,6 532,501,683,649,6 319,595,436,700,6 273,423,393,549,6 
../学習データ/調整データv2/品種/image/1_リンゴ/7_星の金貨/194.1800.jpg 486,87,575,160,6 397,169,530,254,6 245,44,323,107,6 282,261,438,375,6 326,29,399,88,6 6,161,111,252,6 295,206,415,284,6 204,165,296,233,6 397,56,485,122,6 110,125,219,206,6 161,211,306,351,6 143,69,237,145,6 256,2,329,75,6 400,113,494,176,6 317,82,405,144,6 311,136,407,211,6 225,97,313,176,6 77,192,191,289,6 
../学習データ/調整データv2/品種/image/1_リンゴ/7_星の金貨/22.jpg 112,42,202,141,6 10,53,87,138,6 57,11,132,85,6 
../学習データ/調整データv2/品種/image/1_リンゴ/7_星の金貨/85.18hosinokinka_02.jpg 79,95,324,233,6 353,84,677,343,6 
../学習データ/調整データv2/品種/image/1_リンゴ/7_星の金貨/23.jpg 101,3,163,69,6 7,3,82,77,6 57,31,128,105,6 
../学習データ/調整データv2/品種/image/1_リンゴ/7_星の金貨/7.hoshi-j-2.jpg 62,25,320,287,6 345,20,634,302,6 120,126,472,480,6 
../学習データ/調整データv2/品種/image/1_リンゴ/7_星の金貨/49.151107-kinka-01.jpg 695,705,770,755,6 606,775,666,832,6 635,695,685,751,6 501,721,563,784,6 598,656,657,709,6 550,691,613,744,6 576,733,654,791,6 671,661,727,711,6 589,733,637,784,6 598,656,657,709,6 501,721,563,784,6 671,661,727,711,6 60,200,289,429,6 347,424,646,752,6 1,385,341,683,6 232,101,538,440,6 525,767,596,823,6 624,698,695,750,6 650,739,725,792,6 541,274,692,466,6 
../学習データ/調整データv2/品種/image/1_リンゴ/7_星の金貨/5.jpg 76,62,146,117,6 3,69,68,132,6 66,104,151,191,6 14,152,115,241,6 1,120,61,218,6 
../学習データ/調整データv2/品種/image/1_リンゴ/7_星の金貨/52.11259.2.jpg 211,307,313,401,6 354,311,464,432,6 245,158,363,266,6 449,254,549,347,6 144,219,280,335,6 465,94,588,223,6 325,103,453,194,6 389,157,498,293,6 533,186,644,280,6 299,239,421,355,6 
../学習データ/調整データv2/品種/image/1_リンゴ/7_星の金貨/293.cut_kinka_12.jpg 0,147,90,296,6 0,5,92,146,6 49,0,199,79,6 0,295,95,396,6 213,307,342,400,6 44,73,219,220,6 173,1,346,138,6 48,216,234,371,6 197,145,346,299,6 
../学習データ/調整データv2/品種/image/1_リンゴ/7_星の金貨/134.000000000181-01-xl.jpg 182,269,276,347,6 105,216,197,301,6 257,317,357,411,6 329,107,412,201,6 324,359,446,465,6 421,336,503,423,6 487,294,582,374,6 627,208,723,297,6 627,208,723,297,6 182,177,274,275,6 105,216,197,301,6 329,107,412,201,6 324,359,446,465,6 423,332,503,415,6 261,150,344,236,6 487,294,582,374,6 541,160,640,252,6 182,269,276,347,6 472,120,556,205,6 479,200,563,286,6 257,317,357,411,6 337,196,415,282,6 559,255,641,320,6 399,161,489,236,6 333,277,433,366,6 417,246,495,319,6 261,233,350,318,6 
../学習データ/調整データv2/品種/image/1_リンゴ/7_星の金貨/19.ishioka09.jpg 470,46,711,294,6 
../学習データ/調整データv2/品種/image/1_リンゴ/7_星の金貨/14.jpg 5,22,138,149,6 
../学習データ/調整データv2/品種/image/1_リンゴ/7_星の金貨/95.imgrc0072785134.jpg 234,259,356,417,6 274,580,427,713,6 108,305,215,429,6 98,176,220,312,6 407,724,775,1056,6 23,234,110,340,6 223,193,340,273,6 
../学習データ/調整データv2/品種/image/1_リンゴ/7_星の金貨/10.jpg 36,86,96,143,6 137,94,203,157,6 81,39,154,117,6 67,111,146,195,6 
../学習データ/調整データv2/品種/image/1_リンゴ/7_星の金貨/20.hoshinokinka_215.jpg 32,30,184,181,6 
../学習データ/調整データv2/品種/image/1_リンゴ/7_星の金貨/255.gdkinka.jpg 21,173,352,410,6 638,221,1000,644,6 
../学習データ/調整データv2/品種/image/1_リンゴ/7_星の金貨/100.hoshinokinka-300x225.jpg 68,38,229,187,6 
../学習データ/調整データv2/品種/image/1_リンゴ/7_星の金貨/130.hosinokinkaringotyuubako.jpg 102,47,349,199,6 456,170,691,418,6 0,204,165,393,6 193,170,435,389,6 356,30,572,195,6 
../学習データ/調整データv2/品種/image/1_リンゴ/7_星の金貨/110.1bn551.jpg 1,144,124,287,6 503,211,595,371,6 1,271,72,438,6 146,100,329,228,6 232,428,549,600,6 308,153,536,284,6 73,213,317,350,6 283,274,534,445,6 13,326,280,519,6 
../学習データ/調整データv2/品種/image/1_リンゴ/7_星の金貨/21.moblog_c529a206.jpg 122,25,464,342,6 
../学習データ/調整データv2/品種/image/1_リンゴ/7_星の金貨/28.jpg 465,341,603,483,6 14,255,150,355,6 14,255,150,355,6 656,349,776,496,6 487,393,694,575,6 54,167,175,284,6 33,145,127,218,6 
../学習データ/調整データv2/品種/image/1_リンゴ/7_星の金貨/58.img59070295.jpg 56,8,632,457,6 
../学習データ/調整データv2/品種/image/1_リンゴ/7_星の金貨/215.hk001.jpg 2,134,152,284,6 52,4,197,155,6 
../学習データ/調整データv2/品種/image/1_リンゴ/7_星の金貨/32.hayasi_hosikin_adv.jpg 235,8,393,147,6 
../学習データ/調整データv2/品種/image/1_リンゴ/7_星の金貨/50.cut_kinka_13.jpg 76,13,216,160,6 93,105,262,295,6 
