              precision    recall  f1-score   support

         リンゴ       0.95      1.00      0.97        19
           梨       0.95      0.90      0.92        20
         ミカン       1.00      0.79      0.88        14
         イチゴ       1.00      0.79      0.88        14
         ブドウ       0.92      1.00      0.96        12
           桃       1.00      0.89      0.94         9
       さくらんぼ       1.00      0.75      0.86        12
      failed       0.00      0.00      0.00         0

    accuracy                           0.88       100
   macro avg       0.85      0.76      0.80       100
weighted avg       0.97      0.88      0.92       100
