              precision    recall  f1-score   support

         リンゴ       0.99      0.98      0.99       160
           梨       0.97      0.99      0.98       140
         ミカン       0.99      0.99      0.99       183
         イチゴ       1.00      1.00      1.00       182
         ブドウ       1.00      0.99      1.00       122
           桃       0.99      1.00      1.00       104
       さくらんぼ       0.99      0.98      0.99       109
      failed       0.00      0.00      0.00         0

    accuracy                           0.99      1000
   macro avg       0.87      0.87      0.87      1000
weighted avg       0.99      0.99      0.99      1000
