              precision    recall  f1-score   support

         リンゴ       1.00      1.00      1.00        19
           梨       1.00      1.00      1.00        20
         ミカン       1.00      1.00      1.00        14
         イチゴ       1.00      1.00      1.00        14
         ブドウ       1.00      1.00      1.00        12
           桃       1.00      1.00      1.00         9
       さくらんぼ       1.00      1.00      1.00        12

    accuracy                           1.00       100
   macro avg       1.00      1.00      1.00       100
weighted avg       1.00      1.00      1.00       100
